[?25l[0m[38;2;183;164;127;48;2;203;180;148m▄[38;2;184;164;128m▄[38;2;185;165;129;48;2;203;180;147m▄[38;2;187;166;130;48;2;204;182;147m▄[38;2;198;178;142;48;2;190;170;136m┊[38;2;99;91;69;48;2;184;170;141m╺[38;2;226;214;160;48;2;137;129;107m▆[38;2;220;188;116;48;2;242;227;163m▄[38;2;202;161;101;48;2;233;206;127m▅[38;2;201;159;100;48;2;201;160;101m┈[38;2;198;156;97;48;2;200;158;100m▄[38;2;198;156;96;48;2;199;157;99m▂[38;2;199;156;98;48;2;198;157;98m┈[38;2;198;158;98m┈[38;2;198;156;96;48;2;198;157;99m▂[38;2;198;156;97m▄[38;2;198;156;96;48;2;198;156;99m▄[38;2;197;155;97;48;2;198;156;98m━[38;2;198;156;98;48;2;198;156;96m▎[38;2;196;156;97m▂[38;2;198;156;95;48;2;197;155;96m┈[38;2;196;154;94m▗[38;2;142;113;71;48;2;192;152;94m▁[38;2;195;155;96;48;2;194;153;95m┈[38;2;197;153;95;48;2;196;155;96m▂[38;2;197;154;95;48;2;195;155;96m▃[38;2;161;127;78;48;2;185;146;91m╵[38;2;105;82;51;48;2;178;140;88m╺[38;2;137;108;68;48;2;172;136;85m╷[38;2;197;153;94;48;2;195;153;94m┈[38;2;198;153;94;48;2;196;153;95m╴[38;2;120;96;61;48;2;183;143;89m▝[38;2;104;84;53;48;2;174;138;84m┓[38;2;213;180;108;48;2;198;164;98m┊[38;2;92;75;42;48;2;168;140;86m╺[38;2;169;132;81;48;2;113;88;58m▆[38;2;89;70;44;48;2;173;135;84m╺[38;2;106;83;50;48;2;194;150;92m▖[38;2;195;150;92;48;2;197;152;95m▄[38;2;198;152;94;48;2;199;155;95m╴[0m
[38;2;161;135;99;48;2;171;147;111m▄[38;2;162;136;101;48;2;172;148;112m▄[38;2;162;138;101;48;2;173;150;114m▄[38;2;114;104;83;48;2;167;144;109m▗[38;2;123;118;96;48;2;207;195;151m┛[38;2;224;193;118;48;2;241;226;163m▄[38;2;230;202;121;48;2;202;162;100m▘[38;2;199;158;99;48;2;198;156;97m▘[38;2;196;154;95;48;2;198;156;96m▃[38;2;196;154;96m▃[38;2;196;154;95m▅[38;2;196;154;96m▅[48;2;198;156;98m▅[38;2;195;154;96;48;2;196;155;96m╺[38;2;196;154;96;48;2;197;155;97m▅[48;2;198;156;97m▆▇[38;2;195;155;96;48;2;197;155;97m▇[38;2;198;154;96;48;2;196;154;95m┲[38;2;150;118;76;48;2;188;148;92m╷[38;2;196;154;96;48;2;196;153;95m╴[38;2;198;153;94;48;2;197;155;97m▇[48;2;194;151;93m╴[38;2;124;99;63;48;2;170;133;83m┕[38;2;114;90;57;48;2;178;139;87m▃[38;2;84;68;43;48;2;190;148;92m▁[38;2;195;151;95;48;2;197;152;95m▏[38;2;196;152;94m▁[38;2;197;152;95;48;2;188;146;91m╴[38;2;89;69;42;48;2;168;131;82m╺[38;2;120;94;59;48;2;170;132;81m╻[38;2;194;150;91;48;2;195;150;92m╴[38;2;195;150;92;48;2;187;144;89m╴[38;2;88;69;42;48;2;176;136;84m▚[38;2;143;111;70;48;2;189;147;89m▁[38;2;115;90;55;48;2;178;141;87m┗[38;2;113;87;52;48;2;183;142;88m▖[38;2;82;63;38;48;2;164;127;80m▍[38;2;194;149;89;48;2;193;149;90m┈[38;2;194;151;90;48;2;194;150;89m▘[0m
[38;2;149;119;85;48;2;154;126;92m▃[38;2;152;123;89;48;2;155;124;89m┈[38;2;139;115;85;48;2;153;140;116m▉[38;2;129;120;100;48;2;239;224;163m▘[38;2;207;171;103;48;2;233;208;128m▄[38;2;197;156;95;48;2;198;157;96m┈[38;2;198;153;94;48;2;197;156;95m▆[48;2;196;155;95m▆▆[38;2;197;152;93;48;2;196;154;96m▅[38;2;198;153;94;48;2;197;155;96m▅[48;2;196;154;96m▅[48;2;197;154;96m▆[48;2;199;154;95m▅[38;2;196;152;94;48;2;198;153;94m▗[38;2;77;61;41;48;2;175;137;90m┍[38;2;117;97;80;48;2;183;146;106m╴[38;2;135;107;75;48;2;192;149;94m▁[38;2;196;151;94;48;2;197;152;95m╷[38;2;197;152;95;48;2;187;145;90m╴[38;2;60;46;26;48;2;142;113;74m╲[38;2;59;46;32;48;2;167;133;95m╴[38;2;122;97;66;48;2;194;150;94m▂[38;2;196;151;94;48;2;195;151;93m┊[38;2;195;150;92;48;2;192;148;91m╴[38;2;161;127;83;48;2;71;57;45m▇[38;2;111;90;65;48;2;152;123;97m╏[38;2;104;84;62;48;2;193;155;115m╾[38;2;142;118;99;48;2;179;139;88m▁[38;2;195;150;91;48;2;193;149;92m┈[38;2;190;147;89;48;2;139;107;66m▇[38;2;89;70;44;48;2;158;123;76m╺[38;2;118;92;57;48;2;191;147;90m▖[38;2;193;148;89;48;2;190;147;89m┈[38;2;93;73;44;48;2;164;127;78m▚[38;2;133;103;62;48;2;184;141;86m▁[38;2;85;63;35;48;2;167;128;78m┕[38;2;125;97;57;48;2;177;136;84m▏[38;2;99;77;46;48;2;167;129;79m▚[38;2;186;145;92;48;2;192;149;88m▏[0m
[38;2;141;111;75;48;2;149;114;75m╴[38;2;234;205;54;48;2;210;133;77m▗[38;2;231;180;102;48;2;170;147;116m▇[38;2;240;216;128;48;2;210;172;102m▘[38;2;198;153;93;48;2;198;156;96m▆[38;2;197;152;95;48;2;196;153;95m▅[48;2;198;153;95m▄▆▆▆[48;2;197;152;95m [38;2;195;152;91m▁[38;2;195;150;91m▁▁[38;2;195;150;92;48;2;196;151;94m▗[38;2;45;33;18;48;2;157;127;91m│[38;2;217;178;153;48;2;219;178;156m▍[38;2;208;170;149;48;2;139;113;90m▇[38;2;95;73;52;48;2;182;146;112m╶[38;2;141;112;80;48;2;191;148;90m▂[38;2;195;150;90;48;2;194;150;91m┊[38;2;101;79;58;48;2;172;136;91m┕[38;2;121;98;79;48;2;195;161;139m▖[38;2;137;109;78;48;2;179;146;119m╵[38;2;93;73;49;48;2;180;143;102m╸[38;2;112;90;64;48;2;185;143;87m▁[38;2;190;147;89;48;2;141;110;68m▇[38;2;86;68;46;48;2;164;131;97m╲[38;2;142;116;99;48;2;213;174;152m▖[38;2;183;150;128;48;2;136;106;68m▇[38;2;114;93;73;48;2;192;152;114m╾[38;2;121;96;68;48;2;191;148;89m▃[38;2;104;79;48;48;2;180;139;85m▝[38;2;92;70;42;48;2;168;129;78m┓[38;2;192;146;86;48;2;191;146;87m┈[38;2;85;64;40;48;2;153;119;72m┗[38;2;190;144;90;48;2;177;136;82m┊[38;2;67;52;32;48;2;166;127;80m▚[38;2;50;39;22;48;2;143;110;68m▖[38;2;190;145;83;48;2;192;146;87m▁[0m
[38;2;226;132;74;48;2;148;105;65m▝[38;2;223;152;67;48;2;230;207;48m▖[38;2;229;218;42;48;2;233;192;55m▇[38;2;233;204;50;48;2;217;150;81m▖[38;2;197;154;93;48;2;198;152;91m╴[38;2;195;151;90;48;2;196;151;93m▆[38;2;195;150;91;48;2;197;152;95m▆▆[38;2;195;150;90m▆▆[38;2;235;132;79;48;2;204;147;89m▗[38;2;111;84;52;48;2;200;148;88m▗[38;2;194;151;89;48;2;191;148;90m┈[38;2;194;150;89;48;2;195;150;90m▃[38;2;195;151;90;48;2;194;150;90m╴[38;2;193;149;92;48;2;99;79;58m▌[38;2;220;179;155;48;2;218;178;155m┊[38;2;219;178;160;48;2;219;178;158m┗[48;2;219;178;157m╸[38;2;213;174;153;48;2;150;123;99m▇[38;2;104;82;59;48;2;186;151;119m╺[38;2;131;106;82;48;2;184;143;86m▂[38;2;103;82;60;48;2;181;142;88m▝[38;2;95;76;53;48;2;199;163;143m▖[38;2;218;177;155;48;2;219;178;155m╴[38;2;214;174;152;48;2;129;106;88m▇[38;2;125;100;78;48;2;188;152;123m┕[38;2;70;53;34;48;2;165;129;90m╴[38;2;147;114;73;48;2;61;49;34m▚[38;2;111;90;71;48;2;203;166;145m▍[38;2;218;177;155;48;2;217;176;154m▇[38;2;217;176;154;48;2;207;169;147m╴[38;2;85;69;52;48;2;144;112;70m▋[38;2;92;70;41;48;2;159;123;75m╾[38;2;185;143;85;48;2;100;77;47m▝[38;2;189;144;84;48;2;190;144;85m┊[38;2;97;73;44;48;2;169;129;77m▚[38;2;166;125;75;48;2;49;38;20m▊[38;2;81;62;35;48;2;77;56;34m╴[38;2;59;45;27;48;2;177;134;80m▖[0m
[38;2;117;86;54;48;2;123;92;59m▃[38;2;80;61;42;48;2;235;199;150m▌[38;2;233;172;84;48;2;231;204;48m▅[38;2;233;185;53;48;2;230;217;44m▁[38;2;229;219;41;48;2;224;162;69m▖[38;2;219;143;76;48;2;196;150;88m▖[38;2;195;151;90;48;2;195;150;89m╴[38;2;195;149;88;48;2;194;149;89m━[38;2;114;83;48;48;2;187;145;87m╷[38;2;195;151;88;48;2;205;148;83m╴[38;2;226;147;70;48;2;230;209;46m▘[38;2;232;213;49;48;2;220;156;62m╴[38;2;190;147;88;48;2;106;76;47m▝[38;2;194;148;89;48;2;193;148;88m┈[38;2;193;149;88;48;2;194;149;89m┈[38;2;186;144;88;48;2;63;48;28m▊[38;2;103;83;70;48;2;212;172;150m▏[38;2;219;178;156;48;2;220;179;157m▅▂[48;2;219;178;158m▆[38;2;219;177;155;48;2;219;178;156m╴[38;2;215;176;154;48;2;156;128;108m▇[38;2;98;76;58;48;2;183;148;118m╺[38;2;97;77;51;48;2;156;121;82m▝[38;2;93;72;47;48;2;189;154;135m▖[38;2;217;176;155;48;2;215;175;153m╴[38;2;87;71;60;48;2;184;151;131m┎[38;2;118;96;83;48;2;181;147;128m╸[38;2;210;170;148;48;2;122;100;81m▆[38;2;152;122;100;48;2;105;85;70m▌[38;2;101;84;72;48;2;211;171;150m▃[38;2;189;154;138;48;2;216;175;153m▁[38;2;199;161;140;48;2;91;72;55m▋[38;2;117;91;55;48;2;188;143;86m▖[38;2;190;144;85;48;2;189;144;86m▇[48;2;190;144;85m [38;2;190;144;84;48;2;187;142;83m╴[38;2;66;52;35;48;2;132;105;72m▚[38;2;141;115;99;48;2;68;52;34m▄[38;2;91;76;63;48;2;63;48;30m▁[0m
[38;2;194;111;64;48;2;113;81;50m▂[38;2;81;64;45;48;2;242;230;181m▌[38;2;239;212;122;48;2;198;155;89m▌[38;2;208;148;81;48;2;234;167;66m▇[38;2;227;158;66;48;2;229;214;42m▄[38;2;230;152;66;48;2;229;213;43m▝[38;2;231;191;48;48;2;211;147;77m▂[38;2;221;140;74;48;2;195;149;86m▂[38;2;118;84;48;48;2;212;153;73m▝[38;2;226;143;69;48;2;229;211;42m▘[38;2;230;170;55;48;2;228;221;37m▗[38;2;232;165;60;48;2;215;144;75m▏[38;2;63;49;35;48;2;160;127;94m┃[38;2;65;48;23;48;2;157;123;89m╲[38;2;192;147;88;48;2;191;146;87m┊[38;2;191;147;88;48;2;188;144;87m┊[38;2;94;75;53;48;2;209;171;149m▌[38;2;216;176;153;48;2;218;177;155m▖[48;2;219;178;156m  [38;2;218;177;154m▂[38;2;218;177;155m▃[38;2;216;175;153;48;2;218;177;155m▂[38;2;217;176;153;48;2;207;168;147m╴[38;2;155;126;106;48;2;62;49;41m▌[38;2;51;43;35;48;2;155;126;110m┙[38;2;96;78;68;48;2;193;155;136m▂[38;2;36;31;26;48;2;200;161;140m▄[38;2;20;18;16;48;2;155;126;111m▆[38;2;28;28;25;48;2;18;17;14m╶[38;2;122;98;87;48;2;53;45;38m▁[38;2;66;52;43;48;2;161;131;114m╾[38;2;216;174;151;48;2;214;173;151m┊[38;2;95;73;48;48;2;172;135;99m▚[38;2;192;143;85;48;2;190;144;84m╸[38;2;190;144;84;48;2;190;144;85m┈[38;2;190;144;83;48;2;190;144;84m╹[38;2;180;137;80;48;2;118;89;50m▉[38;2;77;60;46;48;2;160;130;107m┓[38;2;204;163;142;48;2;101;83;72m▆[0m
[38;2;117;77;42;48;2;221;148;59m▃[38;2;152;90;52;48;2;227;176;55m▁[38;2;230;207;42;48;2;226;163;77m▄[38;2;230;200;44;48;2;209;148;77m▂[38;2;200;143;81;48;2;107;68;35m▉[38;2;92;69;38;48;2;213;153;61m▖[38;2;229;166;56;48;2;228;218;37m▃[38;2;228;221;35;48;2;229;160;53m▇[38;2;226;223;32;48;2;227;220;34m╴[38;2;231;174;53;48;2;227;221;35m▗[38;2;230;135;67;48;2;208;144;69m╴[38;2;193;148;87;48;2;193;146;85m╴[38;2;180;137;82;48;2;101;78;57m▋[38;2;213;174;151;48;2;202;164;143m┊[38;2;105;78;51;48;2;173;138;110m╺[38;2;190;144;90;48;2;173;132;81m┊[38;2;89;70;48;48;2;162;127;85m┗[38;2;217;175;153;48;2;212;172;151m┊[38;2;217;176;154;48;2;218;177;155m▏[38;2;221;176;155m▅[38;2;174;144;127;48;2;201;163;142m╵[38;2;60;46;35;48;2;194;158;138m╾[38;2;164;134;118;48;2;90;74;62m▋[38;2;151;122;107;48;2;176;143;125m╵[38;2;213;171;150;48;2;123;99;88m▆[38;2;55;46;39;48;2;168;136;119m▝[38;2;198;161;140;48;2;24;21;18m▂[38;2;194;156;136;48;2;19;18;15m▄[38;2;210;169;148;48;2;41;35;29m▅[38;2;208;167;146;48;2;53;44;36m▇[38;2;217;175;153;48;2;214;173;151m┈[48;2;215;173;151m▇[48;2;216;174;152m▋[38;2;209;169;148;48;2;105;83;66m▋[38;2;100;75;46;48;2;180;136;80m▏[38;2;189;143;83;48;2;190;144;84m▂[38;2;190;143;82m▗[38;2;191;142;83;48;2;189;143;83m▄[38;2;76;60;43;48;2;171;129;76m▝[38;2;115;92;77;48;2;210;167;145m▖[0m
[38;2;80;59;34;48;2;90;64;38m▅[38;2;67;51;30;48;2;164;156;130m▊[38;2;240;219;139;48;2;229;188;112m┈[38;2;233;145;64;48;2;232;201;54m┓[38;2;224;146;62;48;2;228;210;38m▝[38;2;97;62;33;48;2;195;129;70m▚[38;2;219;130;73;48;2;200;143;78m▁[38;2;217;141;71;48;2;230;194;46m▆[38;2;221;135;71;48;2;229;211;38m▄[38;2;80;53;30;48;2;201;139;82m─[38;2;79;62;48;48;2;162;129;102m┺[38;2;65;53;41;48;2;181;138;82m▃[38;2;53;39;22;48;2;183;138;82m▂[38;2;90;71;51;48;2;176;143;124m▌[38;2;136;113;100;48;2;215;173;151m▁[38;2;201;162;141;48;2;138;112;89m▇[38;2;80;61;39;48;2;171;135;104m╶[38;2;100;78;62;48;2;162;132;114m▍[38;2;61;47;38;48;2;199;161;140m▖[38;2;215;173;151;48;2;217;175;153m▂[38;2;219;176;154m▘ [38;2;217;175;153;48;2;217;174;152m▇[48;2;217;175;153m  [48;2;216;174;152m▇[48;2;215;173;150m▇[48;2;215;173;151m▇[48;2;216;174;152m▇[48;2;217;175;153m   [48;2;216;174;152m▊[38;2;216;174;152;48;2;215;173;151m╴[38;2;96;73;49;48;2;170;133;97m▚[38;2;188;142;81;48;2;190;143;82m▎[38;2;192;142;81m▆[38;2;192;142;80;48;2;192;143;81m╹[38;2;190;141;80;48;2;189;141;82m▇[38;2;82;62;39;48;2;178;137;99m▚[0m
[38;2;67;48;30;48;2;74;53;32m▃[38;2;69;51;31;48;2;49;36;20m▊[38;2;170;163;137;48;2;104;95;65m▚[38;2;234;130;63;48;2;226;164;70m┊[38;2;226;221;30;48;2;227;218;33m╴[38;2;219;137;61;48;2;85;60;32m▋[38;2;91;47;18;48;2;228;157;57m▏[38;2;229;218;34;48;2;229;137;56m▇[38;2;223;136;64;48;2;231;192;43m▃[38;2;136;101;59;48;2;212;154;55m▁[38;2;233;126;72;48;2;219;152;117m╴[38;2;128;103;84;48;2;212;171;147m▝[38;2;93;74;57;48;2;163;127;90m╸[38;2;61;47;31;48;2;159;121;74m▝[38;2;170;136;117;48;2;19;14;9m▇[38;2;199;159;139;48;2;56;44;34m▆[38;2;24;20;16;48;2;141;112;98m▂[38;2;118;97;87;48;2;21;19;16m▘[38;2;19;18;14;48;2;124;106;94m▇[38;2;12;13;10;48;2;159;128;112m╸[38;2;215;172;150;48;2;216;174;152m▎[38;2;216;174;152;48;2;217;175;153m▖          [38;2;217;175;153;48;2;216;174;152m▋[38;2;216;174;152;48;2;215;173;151m▊[38;2;207;167;145;48;2;98;76;62m▋[38;2;89;69;40;48;2;179;135;79m▏[38;2;190;141;82;48;2;192;142;82m▍[38;2;193;143;82m┊[38;2;191;141;79;48;2;192;142;81m▝[38;2;189;140;79;48;2;177;131;75m╴[0m
[38;2;59;41;24;48;2;63;44;27m▅[38;2;61;43;23;48;2;68;46;26m┈[38;2;61;40;21;48;2;211;138;60m▘[38;2;231;167;49;48;2;226;218;31m▘[38;2;227;208;34;48;2;231;148;58m▋[38;2;219;136;69;48;2;194;144;77m▎[38;2;231;127;67;48;2;214;140;67m┊[38;2;231;136;59;48;2;226;213;35m▁[38;2;230;209;37;48;2;227;148;59m▖[38;2;187;135;76;48;2;107;81;50m▉[38;2;81;61;47;48;2;188;151;131m▌[38;2;214;171;149;48;2;215;173;151m▖[38;2;214;172;150m┊[38;2;124;97;74;48;2;192;155;135m▝[38;2;61;50;42;48;2;126;98;80m▆[38;2;89;79;77;48;2;30;26;22m╴[38;2;108;88;77;48;2;11;10;8m▂[38;2;195;155;136;48;2;32;28;23m▄[38;2;205;164;144;48;2;94;78;66m▇[38;2;215;173;151;48;2;215;170;148m▆[48;2;216;174;152m [38;2;216;174;152;48;2;217;175;153m▍▗▄▄▅▅▆[48;2;216;174;152m [38;2;112;90;78;48;2;212;171;149m▁[38;2;216;174;152;48;2;214;173;151m┊[48;2;216;174;152m   [48;2;214;172;150m╴[38;2;38;26;14;48;2;150;116;81m╻[38;2;189;140;80;48;2;191;141;81m▁[38;2;192;142;80;48;2;192;142;81m▁ [38;2;191;141;81;48;2;189;139;79m▋[0m
[38;2;172;166;144;48;2;65;49;31m▂[38;2;173;167;144;48;2;83;57;36m▂[48;2;114;72;41m▂[38;2;77;53;32;48;2;175;135;76m╾[38;2;190;139;87;48;2;81;58;35m▋[38;2;69;55;32;48;2;178;141;82m▅[38;2;100;77;45;48;2;180;133;76m▂[38;2;90;67;38;48;2;158;110;63m┑[38;2;188;140;81;48;2;200;133;72m┈[38;2;104;72;44;48;2;181;119;69m┐[38;2;37;30;21;48;2;146;110;65m▝[38;2;54;41;23;48;2;143;112;85m▖[38;2;102;77;50;48;2;194;155;135m▃[38;2;102;81;73;48;2;205;164;144m▁[38;2;214;171;149;48;2;87;69;59m▅[38;2;214;171;150;48;2;137;112;99m▇[38;2;214;173;151;48;2;213;171;149m╴[38;2;216;174;152;48;2;215;173;150m▇[48;2;216;174;152m   [48;2;217;175;153m▇[48;2;216;174;152m     [38;2;126;101;88;48;2;202;163;142m▂[38;2;84;66;56;48;2;184;149;130m╸[38;2;205;165;145;48;2;108;87;75m▇[48;2;216;174;152m   [38;2;215;173;151m╶[38;2;91;72;60;48;2;210;170;148m▗[38;2;122;99;83;48;2;61;46;34m▁[38;2;189;139;79;48;2;186;138;79m┊[48;2;192;142;81m   [0m
[38;2;200;193;169;48;2;190;184;160m▅[38;2;178;155;132;48;2;192;185;160m╺[38;2;174;115;97;48;2;182;164;137m┭[38;2;189;160;117;48;2;188;181;153m▃[38;2;92;85;62;48;2;145;131;101m┡[38;2;51;44;34;48;2;73;61;41m┈[38;2;80;62;36;48;2;83;70;56m▌[38;2;38;29;12;48;2;155;125;75m▏[38;2;104;79;46;48;2;189;140;79m▘[38;2;191;141;80;48;2;190;141;80m┈[38;2;187;138;80;48;2;99;73;44m▆[38;2;184;137;80;48;2;68;51;32m▅[38;2;177;132;78;48;2;40;28;15m▊[38;2;111;91;80;48;2;166;133;116m╍[38;2;31;24;17;48;2;145;118;103m╼[38;2;88;75;64;48;2;206;171;151m▖[38;2;215;174;152;48;2;217;176;155m╴[38;2;217;175;152;48;2;216;174;152m▁[38;2;217;175;153m▂       [38;2;161;129;112;48;2;205;165;144m╱[38;2;211;171;149;48;2;142;116;99m▇[48;2;216;174;152m      [38;2;210;169;148;48;2;132;107;92m▇[38;2;212;169;148;48;2;118;94;82m▊[38;2;58;42;25;48;2;177;133;78m▎[38;2;191;141;79;48;2;191;141;81m▘[38;2;190;140;81;48;2;191;141;80m▁[38;2;187;139;79;48;2;190;141;81m▗[0m
[38;2;215;165;163;48;2;198;172;156m┄[38;2;209;176;166;48;2;191;161;148m▅[38;2;207;200;174;48;2;175;152;120m▆[38;2;209;203;175;48;2;190;165;127m▄[38;2;185;169;132;48;2;106;87;56m▋[38;2;102;75;44;48;2;96;71;40m▃[38;2;99;74;47;48;2;17;12;7m▉[38;2;19;15;3;48;2;199;160;91m▏[48;2;192;142;81m [38;2;193;143;82m▃[38;2;192;142;81;48;2;191;142;80m▉[38;2;190;142;80;48;2;191;141;80m▁[38;2;187;140;81;48;2;104;78;50m▉[38;2;32;23;13;48;2;161;141;122m▎[38;2;104;94;80;48;2;183;146;127m▂[38;2;56;46;38;48;2;175;142;126m▝[38;2;59;50;43;48;2;174;152;139m┓[38;2;239;211;193;48;2;218;184;164m╴[38;2;217;175;152;48;2;217;175;154m╴[38;2;217;175;153;48;2;216;174;152m▅[38;2;217;175;152m▖[38;2;215;174;152m▁    [38;2;215;174;151m▁[38;2;216;173;152m▁ [38;2;212;172;150m▁▁[38;2;215;173;151m▂▂▂[48;2;214;172;149m▉[38;2;112;92;81;48;2;211;169;148m▗[38;2;33;26;17;48;2;142;111;80m┓[38;2;185;138;79;48;2;188;140;80m▖[38;2;186;139;79;48;2;189;139;81m▃[38;2;178;133;76;48;2;113;83;45m▉[0m
[38;2;120;83;52;48;2;205;196;167m▃[38;2;116;85;51;48;2;200;189;160m▃[38;2;114;85;50;48;2;208;199;168m▃[38;2;112;84;49;48;2;207;198;166m▃[38;2;209;204;173;48;2;126;105;71m▘[38;2;107;78;44;48;2;107;82;48m▄[38;2;103;77;45;48;2;21;13;4m▉[38;2;16;13;2;48;2;197;160;92m▏[38;2;192;142;82;48;2;192;142;80m▏[38;2;192;142;81;48;2;193;143;82m▇[38;2;191;142;81;48;2;192;142;81m▝[38;2;189;143;81;48;2;190;142;80m▝[38;2;188;141;80;48;2;179;138;93m▉[38;2;212;204;173;48;2;94;79;56m▝[38;2;107;80;48;48;2;201;193;162m▃[38;2;104;79;46;48;2;159;151;126m▃[38;2;191;181;149;48;2;99;82;61m━[38;2;81;69;50;48;2;148;136;125m▇[38;2;54;46;34;48;2;229;206;189m▄[38;2;49;43;35;48;2;230;199;179m▃[38;2;14;12;9;48;2;222;190;171m▂[38;2;20;16;13;48;2;225;191;172m▂[38;2;18;15;12m▂[38;2;14;11;7;48;2;219;186;167m▂[38;2;59;52;41;48;2;223;188;166m▃[38;2;49;37;22;48;2;216;182;162m▃[38;2;68;52;33;48;2;219;184;163m▄[38;2;80;64;42;48;2;217;182;161m▅[38;2;103;88;66;48;2;211;176;158m▆[38;2;163;157;129;48;2;83;68;52m╸[38;2;67;56;48;48;2;192;154;135m▄[38;2;214;170;149;48;2;208;165;145m┊[38;2;214;169;149;48;2;215;171;150m▁[38;2;213;170;149;48;2;215;172;150m▂[38;2;97;79;70;48;2;210;168;147m▗[38;2;91;81;80;48;2;167;151;154m┛[38;2;169;154;159;48;2;75;59;42m▌[38;2;181;138;82;48;2;183;137;78m▏[48;2;183;136;78m [38;2;154;128;104;48;2;65;53;37m▚[0m
[38;2;234;201;202;48;2;206;61;74m▁[38;2;228;190;194;48;2;149;70;58m▂[38;2;226;200;202;48;2;113;80;50m▂[38;2;216;190;190;48;2;115;83;52m▂[38;2;184;163;154;48;2;114;82;48m▂[38;2;139;103;61;48;2;117;86;49m▄[38;2;127;94;56;48;2;26;16;4m▉[38;2;67;57;33;48;2;209;170;95m▎[38;2;191;141;80;48;2;192;142;81m▆[38;2;190;140;79;48;2;191;141;80m▁[38;2;190;141;79;48;2;191;142;80m▇[48;2;190;140;79m [38;2;188;140;78;48;2;185;138;84m▉[38;2;163;150;129;48;2;77;59;35m▗[38;2;218;212;190;48;2;103;79;50m▂[38;2;215;210;190;48;2;100;77;48m▂[38;2;211;207;186;48;2;98;75;46m▂[38;2;208;202;180;48;2;97;73;44m▂[38;2;204;198;175;48;2;95;72;43m▂[38;2;199;194;170;48;2;93;72;42m▂[38;2;197;190;167;48;2;90;69;41m▂[38;2;191;182;156;48;2;89;67;41m▂[38;2;190;182;156;48;2;86;65;39m▂[38;2;186;177;151;48;2;85;64;38m▂[38;2;185;175;152;48;2;85;63;38m▂[38;2;183;172;152;48;2;84;62;37m▂[38;2;181;172;151;48;2;83;61;36m▂[38;2;179;172;150;48;2;81;61;36m▂[38;2;179;169;149;48;2;80;60;36m▂[38;2;134;129;122;48;2;71;58;43m▂[38;2;75;72;71;48;2;176;167;170m▝[38;2;145;136;140;48;2;76;65;60m▂[38;2;88;73;66;48;2;203;162;142m▖[38;2;207;164;143;48;2;210;168;146m▄[38;2;37;26;17;48;2;148;124;114m╹[38;2;83;74;79;48;2;158;145;151m╺[38;2;135;124;130;48;2;22;15;11m▊[38;2;98;73;44;48;2;170;126;75m▏[38;2;51;36;20;48;2;134;109;87m╱[38;2;123;112;116;48;2;170;155;162m▏[0m
[?25h