[?25l[0m[7m[38;2;198;148;95m [0m[38;2;0;0;0;48;2;198;148;95m                                      [38;2;198;148;95;48;2;183;136;88m▉[0m
[7m[38;2;198;148;95m [0m[38;2;0;0;0;48;2;198;148;95m                                      [38;2;198;148;95;48;2;183;136;88m▉[0m
[7m[38;2;198;148;95m [0m[38;2;0;0;0;48;2;198;148;95m                                      [38;2;198;148;95;48;2;183;136;88m▉[0m
[7m[38;2;198;148;95m [0m[38;2;0;0;0;48;2;198;148;95m                                      [38;2;198;148;95;48;2;183;136;88m▉[0m
[7m[38;2;198;148;95m [0m[38;2;0;0;0;48;2;198;148;95m                                      [38;2;198;148;95;48;2;183;136;88m▉[0m
[7m[38;2;198;148;95m [0m[38;2;0;0;0;48;2;198;148;95m                                      [38;2;198;148;95;48;2;183;136;88m▉[0m
[7m[38;2;198;148;95m [0m[38;2;0;0;0;48;2;198;148;95m                                      [38;2;198;148;95;48;2;183;136;88m▉[0m
[7m[38;2;198;148;95m [0m[38;2;0;0;0;48;2;198;148;95m                                      [38;2;198;148;95;48;2;183;136;88m▉[0m
[7m[38;2;198;148;95m [0m[38;2;0;0;0;48;2;198;148;95m                                      [38;2;198;148;95;48;2;183;136;88m▉[0m
[7m[38;2;198;148;95m [0m[38;2;0;0;0;48;2;198;148;95m                                      [38;2;198;148;95;48;2;183;136;88m▉[0m
[7m[38;2;198;148;95m [0m[38;2;0;0;0;48;2;198;148;95m                                      [38;2;198;148;95;48;2;183;136;88m▉[0m
[7m[38;2;198;148;95m [0m[38;2;0;0;0;48;2;198;148;95m                                      [38;2;198;148;95;48;2;183;136;88m▉[0m
[7m[38;2;198;148;95m [0m[38;2;0;0;0;48;2;198;148;95m                                      [38;2;198;148;95;48;2;183;136;88m▉[0m
[7m[38;2;198;148;95m [0m[38;2;0;0;0;48;2;198;148;95m                                      [38;2;198;148;95;48;2;183;136;88m▉[0m
[7m[38;2;198;148;95m [0m[38;2;0;0;0;48;2;198;148;95m                                      [38;2;198;148;95;48;2;183;136;88m▉[0m
[7m[38;2;198;148;95m [0m[38;2;0;0;0;48;2;198;148;95m                                      [38;2;198;148;95;48;2;183;136;88m▉[0m
[7m[38;2;198;148;95m [0m[38;2;0;0;0;48;2;198;148;95m                                      [38;2;198;148;95;48;2;183;136;88m▉[0m
[7m[38;2;198;148;95m [0m[38;2;0;0;0;48;2;198;148;95m                                      [38;2;198;148;95;48;2;183;136;88m▉[0m
[7m[38;2;198;148;95m [0m[38;2;0;0;0;48;2;198;148;95m                                      [38;2;198;148;95;48;2;183;136;88m▉[0m
[7m[38;2;198;148;95m [0m[38;2;0;0;0;48;2;198;148;95m                                      [38;2;198;148;95;48;2;183;136;88m▉[0m
[7m[38;2;198;148;95m [0m[38;2;0;0;0;48;2;198;148;95m                                      [38;2;198;148;95;48;2;183;136;88m▉[0m
[7m[38;2;198;148;95m [0m[38;2;0;0;0;48;2;198;148;95m            [38;2;198;149;94m▁ [38;2;198;149;93m▁[38;2;199;148;93m▁[38;2;199;147;96m▁[38;2;197;148;96m▁▁   [38;2;198;149;93m▁[38;2;198;149;94m▁ [38;2;198;148;94m▁[38;2;198;149;94m▁           [38;2;198;148;95;48;2;183;136;88m▉[0m
[7m[38;2;198;148;95m [0m[38;2;0;0;0;48;2;198;148;95m         [38;2;172;127;83;48;2;195;146;94m╶[38;2;128;94;63;48;2;194;146;95m▃[38;2;116;86;57;48;2;187;140;92m▃[38;2;130;96;75;48;2;182;135;99m▖[38;2;169;112;116;48;2;188;142;94m▃[38;2;155;98;104;48;2;186;139;91m▃[38;2;153;101;96;48;2;187;141;93m▄[38;2;148;98;93;48;2;185;140;92m▄[38;2;145;95;93;48;2;185;139;93m▄[48;2;187;140;94m▄[38;2;146;96;92;48;2;194;145;96m▄[38;2;147;96;92;48;2;189;141;91m▄[38;2;147;96;93;48;2;186;139;91m▄[38;2;147;98;94;48;2;187;140;89m▄[38;2;148;95;100;48;2;188;141;91m▃[38;2;147;95;99;48;2;187;141;92m▃[38;2;132;89;80;48;2;187;140;91m▄[38;2;116;85;58;48;2;192;144;93m▄[38;2;110;81;54;48;2;188;142;92m▃[38;2;128;96;65;48;2;188;141;93m▃[38;2;192;143;93;48;2;197;148;95m╴[48;2;198;148;95m        [38;2;198;148;95;48;2;183;136;88m▉[0m
[7m[38;2;198;148;95m [0m[38;2;0;0;0;48;2;198;148;95m        [38;2;198;148;96m╷[38;2;188;149;105m▁[38;2;171;133;92;48;2;110;87;66m▎[38;2;107;79;56;48;2;175;123;130m▘[38;2;238;190;203;48;2;190;125;144m▁[38;2;235;167;184;48;2;173;105;128m▂[38;2;246;197;209;48;2;177;110;133m▂[38;2;210;149;166;48;2;172;104;128m▃[38;2;227;161;178;48;2;173;105;129m▃[38;2;220;157;172;48;2;166;102;124m▃[38;2;248;189;203;48;2;176;109;132m▃[38;2;248;191;206;48;2;177;110;132m▃[38;2;232;162;181;48;2;172;111;130m▖[38;2;239;170;188;48;2;174;106;130m▃[38;2;213;150;169;48;2;166;100;123m▃[38;2;241;171;190;48;2;173;105;130m▂[38;2;222;157;173;48;2;173;105;128m▁[38;2;210;151;168;48;2;173;106;128m▁[38;2;109;73;60;48;2;158;95;115m▝[38;2;102;73;55;48;2;108;77;57m╴[38;2;99;73;48;48;2;153;114;75m▊[38;2;177;131;84;48;2;197;147;94m▎[48;2;198;148;95m        [38;2;198;148;95;48;2;183;136;88m▉[0m
[7m[38;2;198;148;95m [0m[38;2;0;0;0;48;2;198;148;95m       [38;2;198;148;96m▁[38;2;194;148;98;48;2;166;161;136m▉[38;2;177;197;194;48;2;106;152;178m▘[38;2;106;138;162;48;2;220;194;204m▌[38;2;136;81;98;48;2;222;159;177m╻[38;2;249;180;197;48;2;250;203;215m▇[38;2;182;128;141;48;2;238;170;187m┍[38;2;231;169;183;48;2;184;132;145m▉[38;2;168;118;130;48;2;235;169;186m▎[38;2;205;153;164;48;2;231;172;184m┍[38;2;171;137;143;48;2;243;175;192m▎[38;2;250;177;196;48;2;249;180;197m┊[38;2;249;178;194;48;2;249;179;196m┈[38;2;246;177;195;48;2;203;173;176m▋[38;2;226;180;189;48;2;185;133;146m▇[38;2;173;126;138;48;2;221;168;180m▝[38;2;236;172;187;48;2;215;154;169m▆[38;2;175;125;137;48;2;217;158;172m╿[38;2;248;195;208;48;2;244;180;195m┊[38;2;230;161;180;48;2;173;107;127m▊[38;2;163;98;119;48;2;111;73;67m▌[38;2;103;75;50;48;2;180;138;93m▋[38;2;198;148;95;48;2;196;146;94m┊[48;2;198;148;95m        [48;2;183;136;88m▉[0m
[7m[38;2;198;148;95m [0m[38;2;0;0;0;48;2;198;148;95m     [38;2;198;148;95;48;2;197;147;95m┈[38;2;195;143;109;48;2;196;145;100m╷[38;2;201;148;121;48;2;197;147;98m╼[38;2;178;133;91;48;2;189;141;96m╵[38;2;206;185;125;48;2;165;155;108m┳[38;2;212;171;176;48;2;148;101;105m▊[38;2;157;98;117;48;2;211;148;166m▋[38;2;246;175;192;48;2;217;156;171m▉[38;2;122;90;96;48;2;196;143;156m╿[38;2;111;87;92;48;2;197;156;167m┲[38;2;208;152;167;48;2;124;98;110m▗[38;2;84;80;101;48;2;175;148;151m▆[38;2;132;115;117;48;2;196;168;177m┙[38;2;250;177;196;48;2;245;176;194m┊[38;2;249;178;197;48;2;249;178;195m▗[38;2;199;151;162;48;2;231;193;198m┘[38;2;106;94;93;48;2;195;183;183m━[38;2;162;122;134;48;2;84;81;100m▋[38;2;74;71;93;48;2;178;141;149m▆[38;2;95;84;85;48;2;181;140;149m▗[38;2;134;98;105;48;2;223;161;175m▏[38;2;245;174;192;48;2;165;109;127m▊[38;2;159;96;117;48;2;95;59;54m▉[38;2;102;74;52;48;2;187;142;96m▋[38;2;198;149;94;48;2;198;148;95m╴        [38;2;198;148;95;48;2;183;136;88m▉[0m
[7m[38;2;198;148;95m [0m[38;2;0;0;0;48;2;198;148;95m     [38;2;197;147;94;48;2;185;135;92m▇[38;2;198;148;95;48;2;197;148;95m┈[48;2;198;148;95m  [38;2;198;150;93;48;2;180;150;74m▇[38;2;155;118;83;48;2;126;91;71m▏[38;2;157;93;114;48;2;228;162;179m▌[38;2;180;127;139;48;2;224;159;175m╶[38;2;170;128;136;48;2;227;181;191m│[38;2;189;155;163;48;2;235;228;226m▘[38;2;227;230;228;48;2;133;158;172m▄[38;2;241;238;232;48;2;137;194;206m▃[38;2;240;234;229;48;2;182;188;191m▇[38;2;219;185;190;48;2;240;217;215m╹[38;2;201;167;173;48;2;243;202;207m╼[38;2;251;238;231;48;2;244;229;223m╴[38;2;171;187;195;48;2;247;238;232m▝[38;2;131;147;158;48;2;190;219;223m▘[38;2;194;218;221;48;2;104;146;171m▇[38;2;187;163;168;48;2;232;222;218m▘[38;2;147;112;121;48;2;231;168;184m▏[38;2;245;174;191;48;2;190;132;150m▉[38;2;136;82;101;48;2;162;96;120m▏[38;2;107;75;55;48;2;186;141;94m▋[38;2;199;148;92;48;2;198;148;95m▏        [38;2;198;148;95;48;2;183;136;88m▉[0m
[7m[38;2;198;148;95m [0m[38;2;0;0;0;48;2;198;148;95m    [38;2;198;148;95;48;2;199;149;95m▉[38;2;199;149;96;48;2;198;148;95m▖   [38;2;197;148;96m▝[38;2;173;129;85;48;2;120;83;66m▎[38;2;150;89;108;48;2;232;163;181m▌[38;2;244;172;190;48;2;245;174;191m▋[38;2;240;172;188;48;2;144;117;120m▋[38;2;199;178;177;48;2;242;229;222m▁[38;2;248;235;227;48;2;249;236;228m▂[38;2;249;236;228;48;2;248;237;229m▅[38;2;247;237;228;48;2;248;238;229m▅[38;2;248;236;228;48;2;250;237;229m▅[38;2;249;236;228;48;2;248;237;228m╾[38;2;247;237;228;48;2;249;237;229m▅[48;2;248;238;229m▅[38;2;249;236;228m▅[38;2;247;235;227;48;2;247;237;228m▃[38;2;141;116;116;48;2;233;220;213m▗[38;2;120;84;92;48;2;238;170;187m▏[38;2;244;172;190;48;2;213;152;169m▉[38;2;167;98;121;48;2;155;93;113m┊[38;2;129;89;71;48;2;189;142;95m▋[38;2;199;148;93;48;2;198;148;95m▏        [38;2;198;148;95;48;2;183;136;88m▉[0m
[7m[38;2;198;148;95m [0m[38;2;0;0;0;48;2;198;148;95m         [38;2;198;148;95;48;2;198;148;93m▊[38;2;186;141;92;48;2;149;99;86m▎[38;2;148;91;103;48;2;233;163;181m▌[38;2;239;168;185;48;2;242;169;187m▁[38;2;241;169;187;48;2;142;103;111m▋[38;2;193;172;169;48;2;163;126;129m▁[38;2;178;132;134;48;2;245;231;226m▆[38;2;175;125;126;48;2;242;229;222m▄[38;2;155;114;113;48;2;240;230;221m▃[38;2;176;149;140;48;2;244;232;224m▃[38;2;180;155;144;48;2;236;226;218m▃[38;2;178;152;139;48;2;245;234;225m▃[38;2;165;134;130;48;2;247;235;226m▄[38;2;161;112;114;48;2;237;221;214m▄[38;2;179;129;131;48;2;232;218;211m▆[38;2;166;123;127;48;2;123;89;92m▉[38;2;147;103;110;48;2;237;167;184m▏[38;2;240;168;186;48;2;207;148;166m▉[38;2;116;70;84;48;2;148;90;102m▘[38;2;155;112;76;48;2;178;127;96m┃[38;2;199;148;93;48;2;198;148;95m▏        [38;2;198;148;95;48;2;183;136;88m▉[0m
[7m[38;2;198;148;95m [0m[38;2;0;0;0;48;2;198;148;95m         [38;2;198;148;94m▝[38;2;199;149;96;48;2;180;129;95m▆[38;2;167;119;91;48;2;226;157;172m▌[38;2;150;108;108;48;2;204;144;155m┃[38;2;234;164;181;48;2;157;130;132m▊[38;2;165;143;127;48;2;227;214;207m▂[38;2;186;140;92;48;2;181;154;145m▆[38;2;197;147;94;48;2;158;109;102m▆[38;2;197;148;95;48;2;137;93;89m▆[38;2;196;148;95;48;2;133;96;89m▆[38;2;200;149;96;48;2;187;143;102m╴[38;2;196;147;95;48;2;146;102;94m▆[38;2;196;146;95;48;2;156;103;103m▆[38;2;195;146;94;48;2;159;106;106m▆[38;2;193;143;92;48;2;164;110;110m▆[38;2;185;134;97;48;2;152;104;95m▊[38;2;213;150;162;48;2;238;165;181m▏[38;2;157;106;116;48;2;225;157;171m╻[38;2;183;134;90;48;2;130;82;85m▆[38;2;197;147;95;48;2;177;127;94m▆[38;2;198;148;95;48;2;198;148;94m▇[48;2;198;148;95m        [48;2;183;136;88m▉[0m
[7m[38;2;198;148;95m [0m[38;2;0;0;0;48;2;198;148;95m          [38;2;198;148;95;48;2;199;149;98m▌[38;2;158;114;89;48;2;194;142;111m▗[38;2;168;121;94;48;2;186;138;93m▎[38;2;200;141;133;48;2;149;105;88m▊[38;2;136;98;66;48;2;185;136;90m▘[38;2;191;143;95;48;2;195;145;94m▃[38;2;192;144;95;48;2;196;146;95m▄[38;2;192;144;96;48;2;196;147;96m▄[38;2;192;144;95;48;2;194;147;96m▃[38;2;192;144;96;48;2;195;147;95m▃[38;2;192;144;95;48;2;195;147;96m▃[48;2;196;147;95m▄[38;2;192;143;94;48;2;196;146;95m▃[38;2;193;142;95;48;2;195;145;95m▃[38;2;193;144;95;48;2;174;123;107m▌[38;2;185;132;110;48;2;226;154;169m▃[38;2;151;108;93;48;2;185;132;111m▚[38;2;156;116;80;48;2;194;143;93m▏[38;2;196;146;94;48;2;198;148;95m▋         [38;2;198;148;95;48;2;183;136;88m▉[0m
[?25h