[?25l[0m [38;2;0;0;0m                                       [0m
 [38;2;0;0;0m                                       [0m
 [38;2;0;0;0m                                       [0m
 [38;2;0;0;0m                                       [0m
 [38;2;0;0;0m                                       [0m
 [38;2;0;0;0m         [0m [38;2;100;52;75m▂[38;2;127;60;89m▃[38;2;122;58;85m▃[38;2;74;43;61m▁                         [0m
  [38;2;98;51;72m▂[38;2;173;102;123m▂[38;2;177;106;129m▄[38;2;189;118;139m▄[38;2;185;114;136m▄[38;2;184;112;133m▃[38;2;130;67;93m▃[38;2;115;57;82m▄[38;2;147;151;178;48;2;109;54;79m▃[38;2;156;204;231;48;2;130;69;99m▅[38;2;155;212;240;48;2;124;61;92m▇[38;2;155;210;238;48;2;132;82;111m▆[38;2;153;187;211;48;2;126;70;98m▃[0m[38;2;119;58;87m▅[38;2;124;59;85m▄[38;2;181;107;129;48;2;82;43;64m▂[38;2;203;129;149;48;2;97;49;72m▃[38;2;227;155;174;48;2;111;55;80m▃[38;2;229;158;173;48;2;122;62;87m▃[38;2;229;158;172;48;2;119;61;86m▃[38;2;231;159;175;48;2;112;56;80m▃[38;2;219;147;166;48;2;104;51;75m▃[38;2;224;153;171;48;2;100;50;73m▂[0m[38;2;147;78;103m▅[38;2;125;60;88m▄[38;2;122;58;85m▂[0m [38;2;50;33;46m           [0m
[38;2;110;56;78m▗[38;2;196;125;146;48;2;81;44;63m▅[38;2;228;156;171;48;2;176;104;127m▆[38;2;229;157;172;48;2;229;157;173m┈[38;2;154;83;109;48;2;228;156;171m▁[38;2;137;67;94m▂[38;2;134;71;95;48;2;228;155;171m▃[38;2;131;60;89;48;2;227;149;166m▃[38;2;155;87;103;48;2;224;138;161m▄[38;2;203;118;144;48;2;143;73;96m╸[38;2;134;94;121;48;2;158;199;226m▄[38;2;154;224;247;48;2;156;214;242m╴[38;2;152;224;250;48;2;153;221;249m▁[38;2;146;160;187;48;2;154;220;249m▁[38;2;141;87;117;48;2;156;211;239m▃[38;2;223;135;159;48;2;148;96;123m▂[38;2;226;149;168;48;2;176;98;122m▆[38;2;236;169;179;48;2;228;155;169m▂[38;2;243;178;186;48;2;229;159;170m▃[38;2;246;185;188;48;2;229;159;171m▄[38;2;242;184;186;48;2;231;160;173m▁[38;2;246;187;190;48;2;228;158;172m▂[38;2;245;185;189;48;2;229;157;172m▃[38;2;241;179;186;48;2;229;157;171m▃[38;2;230;158;173;48;2;229;158;172m╴[38;2;244;181;189;48;2;229;157;172m▂[38;2;228;157;171;48;2;171;102;125m▇[38;2;227;155;171;48;2;148;76;102m▅[38;2;216;144;161;48;2;131;64;90m▃[0m[38;2;133;66;92m▅[38;2;92;48;71m▃         [0m
[7m[38;2;143;79;103m▎[0m[38;2;230;157;177;48;2;188;121;140m╴[0m[7m[38;2;184;115;134m▃[38;2;146;83;107m▅[38;2;101;49;73m▆[0m [7m[38;2;94;48;71m▘[0m[38;2;228;198;124;48;2;134;72;88m▗[38;2;246;218;119;48;2;204;165;116m▇[38;2;251;222;117;48;2;249;221;120m┈[38;2;244;214;119;48;2;145;85;93m▇[38;2;243;214;122;48;2;145;99;104m▄[38;2;144;77;97;48;2;161;189;213m▆[38;2;222;133;156;48;2;143;83;111m▅[38;2;228;146;166;48;2;192;105;133m▇[38;2;229;156;171;48;2;227;146;166m▇[38;2;229;158;173;48;2;231;160;174m▇[38;2;229;157;172;48;2;235;167;180m▆[38;2;229;157;171;48;2;230;164;173m▇[38;2;230;157;172;48;2;245;184;188m▄[38;2;231;160;174;48;2;248;192;193m▅[38;2;229;158;171;48;2;247;189;192m▆[38;2;229;159;171;48;2;248;191;193m▇[38;2;229;157;172;48;2;241;176;185m▇[38;2;227;158;171;48;2;229;157;172m▝[38;2;228;158;172;48;2;243;180;188m▆[38;2;229;157;172;48;2;230;158;172m┈[38;2;229;158;172;48;2;229;157;172m▁ [38;2;227;156;170;48;2;192;120;140m▇[38;2;215;143;159;48;2;143;72;99m▄[0m[7m[38;2;128;62;88m▝[0m[38;2;92;48;70m▖       [0m
  [38;2;13;15;24m   [7m[38;2;78;46;64m▊[0m[38;2;131;60;91;48;2;126;61;86m┊[38;2;145;83;89;48;2;233;203;121m▂[38;2;250;223;119;48;2;247;218;120m┈[38;2;250;223;120;48;2;251;222;118m▄[38;2;207;168;112;48;2;247;220;119m▁[38;2;245;219;124;48;2;168;105;106m▘[38;2;146;72;94;48;2;221;140;160m▘[38;2;229;156;171;48;2;228;149;166m▇[38;2;200;119;151;48;2;229;157;172m▃[38;2;179;92;133;48;2;228;155;171m▃[38;2;177;90;135;48;2;223;151;169m▃[38;2;184;98;138;48;2;229;157;173m▄[38;2;179;89;132;48;2;225;152;169m▃[38;2;180;91;133;48;2;229;156;172m▃[38;2;179;94;132;48;2;226;154;171m▂[38;2;230;158;171;48;2;227;154;170m╴[48;2;229;157;172m   [38;2;181;94;132;48;2;220;147;165m▗[38;2;183;96;135;48;2;229;156;171m▅[38;2;178;91;132;48;2;214;136;160m━[38;2;178;89;132;48;2;213;135;161m━[38;2;190;104;141;48;2;223;148;167m▅[38;2;190;107;141;48;2;227;153;171m▅[38;2;182;111;133;48;2;227;155;172m▝[38;2;213;141;161;48;2;136;67;95m▖[0m[38;2;113;54;80m▄[0m [38;2;13;15;24m     [0m
 [38;2;0;0;0m     [0m [7m[38;2;115;57;83m▅[38;2;127;69;86m▃[0m[38;2;129;59;86;48;2;156;103;96m╴[38;2;222;136;158;48;2;152;85;98m▗[38;2;227;149;167;48;2;197;115;139m▇[48;2;229;157;172m [38;2;229;157;172;48;2;230;157;171m▆[38;2;229;156;172;48;2;203;123;151m▆[38;2;230;155;172;48;2;180;93;132m▆[38;2;228;154;170;48;2;180;93;131m▇[38;2;227;153;171;48;2;183;98;131m▇[38;2;188;101;140;48;2;220;145;165m▃[38;2;183;95;133;48;2;206;126;154m━[38;2;225;152;169;48;2;188;105;142m▅[38;2;229;158;171;48;2;228;156;171m╴[48;2;229;157;172m  [38;2;229;157;172;48;2;228;156;173m▇[38;2;230;157;173;48;2;228;155;171m┊[38;2;226;153;169;48;2;186;98;134m▆[38;2;227;154;170;48;2;190;104;140m▃[38;2;187;102;140;48;2;224;144;166m▅[38;2;183;96;136;48;2;226;152;169m▃[38;2;204;123;151;48;2;228;155;171m▁[38;2;229;155;174;48;2;229;157;172m▁[38;2;229;157;172;48;2;228;157;172m┈[38;2;222;150;164;48;2;155;85;110m▄[0m[7m[38;2;141;72;101m▝[0m[38;2;131;61;91m▄[38;2;120;57;85m▃[0m [38;2;61;37;53m  [0m
 [38;2;0;0;0m        [7m[38;2;129;60;89m▏[0m[38;2;136;61;88;48;2;225;149;167m▎[38;2;231;157;172;48;2;229;157;172m▘  [38;2;229;158;170m▗[38;2;204;125;153;48;2;229;157;171m▗[38;2;184;96;138;48;2;225;149;169m▅[38;2;217;142;162;48;2;187;100;139m▂[38;2;227;156;170;48;2;194;112;146m▅[38;2;229;157;172;48;2;230;156;174m▇[48;2;229;157;172m        [48;2;229;155;171m┈[38;2;227;155;170;48;2;188;105;139m▅[38;2;183;100;135;48;2;218;159;177m▘[38;2;168;212;239;48;2;223;161;178m▆[38;2;162;217;244;48;2;221;163;178m▅[38;2;209;177;193;48;2;226;159;173m▏[38;2;226;154;170;48;2;196;121;148m▇[38;2;223;148;168;48;2;183;100;133m▖[38;2;200;112;142;48;2;149;72;102m▆[38;2;131;61;90;48;2;85;46;66m▇[0m[38;2;72;42;59m▎ [0m
 [38;2;0;0;0m       [38;2;89;46;68m▗[38;2;129;61;88;48;2;133;65;91m┈[38;2;179;107;129;48;2;229;157;173m▎[48;2;229;157;172m  [38;2;225;159;175;48;2;209;178;197m▉[38;2;165;213;241;48;2;223;161;177m▅[38;2;166;214;240;48;2;214;157;175m▆[38;2;226;156;173;48;2;182;97;132m▇[38;2;229;157;171;48;2;231;156;174m▇[48;2;229;157;172m           [38;2;229;157;172;48;2;229;158;171m▇[38;2;230;157;171;48;2;229;157;172m╺[38;2;227;158;173;48;2;198;187;207m▇[38;2;226;159;175;48;2;179;205;229m▇[38;2;228;158;171;48;2;228;157;172m╴[48;2;229;157;172m  [38;2;163;85;115;48;2;221;147;165m▝[38;2;187;115;135;48;2;136;63;93m▖[0m[38;2;119;56;83m▃[0m [0m
 [38;2;0;0;0m      [38;2;128;58;88m▗[38;2;197;126;145;48;2;128;60;88m▗[38;2;168;96;121;48;2;227;156;171m▘[38;2;229;157;172;48;2;229;157;171m▆[48;2;229;157;172m  [38;2;230;156;173;48;2;227;159;173m╴[38;2;223;161;176;48;2;166;215;239m▆[38;2;227;159;172;48;2;184;197;219m▆[48;2;229;157;172m [38;2;229;157;172;48;2;230;157;171m▇[48;2;229;157;172m               [38;2;230;157;171m╻[38;2;202;122;149;48;2;228;156;171m▂[38;2;230;158;173;48;2;227;153;170m╴[38;2;229;145;166;48;2;229;157;172m▁[38;2;229;157;172;48;2;227;155;170m┈[38;2;230;153;170;48;2;159;86;114m▖[0m[7m[38;2;120;58;85m▝[0m
 [38;2;0;0;0m     [38;2;124;61;87m▗[38;2;196;124;143;48;2;134;63;91m▗[38;2;231;159;174;48;2;224;153;168m┊[48;2;229;157;172m                        [38;2;230;156;170m┃[38;2;223;148;171;48;2;178;90;130m▌[38;2;181;91;127;48;2;225;132;158m▏[38;2;227;133;159;48;2;227;134;159m┈[38;2;167;84;114;48;2;225;133;157m▂[38;2;217;130;154;48;2;137;65;92m▘[0m[7m[38;2;93;48;70m▗[0m
 [38;2;0;0;0m     [7m[38;2;105;54;77m▌[0m[38;2;206;135;154;48;2;137;65;94m▝[38;2;230;158;172;48;2;226;154;170m┈[38;2;232;155;171;48;2;229;157;172m▁[38;2;225;141;160;48;2;229;156;170m▁[38;2;227;136;159;48;2;231;154;169m▃[38;2;228;143;163;48;2;196;113;142m▊[38;2;184;103;136;48;2;228;153;174m▌[38;2;230;156;171;48;2;229;157;173m▃[48;2;229;157;172m       [38;2;211;135;155;48;2;229;154;170m▁[38;2;211;123;148;48;2;228;147;165m▁[38;2;229;149;166;48;2;230;156;171m▁[48;2;229;157;172m        [38;2;229;158;172;48;2;228;157;172m┈[38;2;198;127;148;48;2;141;67;98m▍[0m[7m[38;2;145;74;103m▂[38;2;137;68;96m▃[38;2;114;54;79m▄[38;2;72;41;59m▆[0m[38;2;14;15;24m [0m
 [38;2;0;0;0m     [0m [7m[38;2;106;53;77m▅[38;2;139;72;98m▂[0m[38;2;92;52;71;48;2;174;96;123m▁[38;2;141;68;97;48;2;227;134;158m▄[38;2;131;59;89;48;2;218;128;152m▃[38;2;134;67;92;48;2;218;128;155m▅[38;2;206;130;154;48;2;144;69;99m▝[38;2;229;157;171;48;2;224;152;166m╴[38;2;229;158;170;48;2;229;157;172m▂     [38;2;230;159;172;48;2;225;153;167m┈[38;2;207;135;154;48;2;142;67;97m▘[38;2;205;119;147;48;2;135;64;93m▝[38;2;147;71;101;48;2;219;133;156m▂[38;2;227;136;159;48;2;226;145;165m╴[38;2;226;139;159;48;2;229;156;171m▂[38;2;229;151;168;48;2;229;157;172m▁[38;2;230;155;170m▁[38;2;230;156;172m▁ [38;2;231;153;170m▁[38;2;178;99;126;48;2;226;153;170m▁[38;2;226;154;170;48;2;147;76;104m▘[0m[7m[38;2;108;53;79m▗[0m [38;2;13;15;24m    [0m
 [38;2;0;0;0m        [0m [7m[38;2;90;52;71m▇[38;2;102;55;76m▇[0m [38;2;118;60;82m▝[7m[38;2;144;74;100m▂[0m[38;2;143;71;97;48;2;223;152;167m▄[38;2;147;74;100;48;2;227;156;171m▂[38;2;133;59;86;48;2;228;157;172m▁[38;2;130;57;86;48;2;228;156;171m▁[38;2;146;75;101;48;2;229;156;171m▂[38;2;138;65;95;48;2;222;150;165m▃[38;2;69;39;55;48;2;148;79;105m▁[0m[38;2;129;60;88m▘[0m [7m[38;2;120;58;85m▅[38;2;135;65;93m▃[38;2;163;87;114m▂[0m[38;2;73;42;60;48;2;176;95;123m▁[38;2;129;59;89;48;2;224;137;158m▄[38;2;129;60;89;48;2;225;137;161m▄[38;2;125;62;88;48;2;227;139;163m▅[0m[7m[38;2;161;85;113m▂[38;2;124;59;87m▃[38;2;96;49;72m▆[0m[38;2;20;18;28m      [0m
 [38;2;0;0;0m              [7m[38;2;106;55;76m▇[38;2;111;53;80m▅[38;2;129;60;90m▅▅[38;2;109;54;80m▅[38;2;96;51;73m▆[0m [38;2;13;15;24m      [0m  [38;2;13;15;24m          [0m
 [38;2;0;0;0m                                       [0m
 [38;2;0;0;0m                                       [0m
 [38;2;0;0;0m                                       [0m
 [38;2;0;0;0m                                       [0m
 [38;2;0;0;0m                                       [0m
[?25h