[?25l[0m [38;2;0;0;0m [38;2;7;9;12m▗[38;2;140;138;138m▃[38;2;210;192;197m▆[38;2;227;171;186m▆[38;2;227;160;179m▆[38;2;228;160;179m▆▆[38;2;223;158;175m▆[38;2;218;155;171m▆[38;2;228;160;179m▆[38;2;229;159;179m▆[38;2;228;160;180m▆▆[38;2;227;160;180m▆[38;2;228;160;179m▆▆[38;2;175;127;141m▆[38;2;154;116;126m▆[38;2;225;162;180m▆[38;2;226;159;180m▆[38;2;227;159;180m▆[38;2;228;160;180m▆[38;2;228;160;179m▆▆[38;2;228;159;179m▆▆[38;2;228;159;178m▆[38;2;227;160;179m▆[38;2;228;200;211m▆[38;2;228;183;197m▆[38;2;228;160;179m▆[38;2;228;159;179m▆[38;2;228;159;178m▆[38;2;228;160;179m▆[38;2;169;125;133m▅[38;2;35;31;30m▖  [0m
 [38;2;78;77;76m▁[38;2;19;19;19;48;2;193;186;188m▘[38;2;227;175;190;48;2;229;213;218m▄[38;2;228;162;176;48;2;227;165;179m╴[38;2;32;24;23;48;2;181;132;142m┎[38;2;125;94;101;48;2;211;151;167m╸[38;2;226;157;176;48;2;228;159;178m▁ [38;2;196;141;156;48;2;78;58;61m▍[38;2;229;165;180;48;2;218;157;173m╴[38;2;226;159;178;48;2;227;159;178m▘[38;2;228;159;178;48;2;229;160;179m▅[48;2;228;159;178m    [38;2;229;161;179m▗[38;2;72;50;54;48;2;225;159;178m▂[38;2;89;71;75;48;2;186;141;155m▃[38;2;210;155;170;48;2;68;54;56m▝[38;2;71;59;60;48;2;220;159;174m▃[38;2;91;69;73;48;2;225;161;180m▃[38;2;65;48;51;48;2;221;158;176m▂[38;2;228;163;182;48;2;227;159;178m▖[38;2;228;161;179;48;2;218;153;171m┊[38;2;229;160;179;48;2;222;157;175m╴[38;2;227;160;179;48;2;228;159;178m▃ [38;2;158;111;123;48;2;212;150;167m╲[38;2;227;163;181;48;2;219;161;177m╴[38;2;226;169;187;48;2;229;210;217m▃[38;2;229;190;203;48;2;227;160;180m▎[48;2;228;159;178m [38;2;226;159;178;48;2;227;160;179m┨[38;2;102;77;82;48;2;207;149;165m▗[38;2;149;111;121;48;2;222;159;174m▁[38;2;103;79;82;48;2;224;161;175m▝[38;2;23;21;20;48;2;94;73;81m▚[0m [0m
[38;2;24;25;29;48;2;99;97;98m▉[38;2;100;99;99;48;2;229;215;220m▘[38;2;230;211;217;48;2;225;165;183m▘[38;2;226;159;178;48;2;227;160;179m▖[38;2;29;22;21;48;2;170;126;136m┍[38;2;92;72;75;48;2;226;163;180m▘[38;2;227;162;179;48;2;226;157;176m▘[38;2;226;157;176;48;2;226;158;178m▍[38;2;226;161;178;48;2;152;115;124m▉[38;2;30;22;22;48;2;194;146;158m▌[38;2;228;162;180;48;2;226;159;178m▍[38;2;227;159;178;48;2;227;159;180m▊[38;2;227;160;181;48;2;228;159;179m▃[38;2;229;160;180;48;2;228;159;178m▁  [38;2;227;160;179m▁[38;2;226;156;179;48;2;227;159;178m▂[38;2;226;158;180;48;2;178;134;144m▇[38;2;226;158;178;48;2;227;164;181m▆[38;2;228;164;182;48;2;216;155;172m┊[38;2;125;94;101;48;2;54;47;46m▖[38;2;86;74;75;48;2;196;150;161m▃[38;2;224;164;180;48;2;203;157;168m▇[38;2;225;159;178;48;2;227;162;182m▆[38;2;221;157;176;48;2;140;103;112m▉[38;2;177;132;143;48;2;51;43;42m▝[38;2;90;71;74;48;2;216;156;173m▖[38;2;229;164;182;48;2;227;160;179m▂[38;2;227;161;179;48;2;223;158;176m┊[38;2;66;51;53;48;2;181;134;146m▚[38;2;70;58;59;48;2;218;158;175m▖[38;2;227;163;182;48;2;227;159;178m▖[38;2;225;158;176;48;2;228;159;178m▂[38;2;103;77;84;48;2;215;153;171m╺[38;2;70;53;58;48;2;204;153;168m▖[38;2;72;57;60;48;2;184;140;153m┗[38;2;92;71;75;48;2;224;164;179m▖[38;2;226;163;180;48;2;222;160;176m┈[0m[38;2;150;110;119m▌[0m
[38;2;95;94;94;48;2;228;218;223m▘[38;2;231;206;215;48;2;226;176;191m▘[38;2;226;159;178;48;2;226;160;179m┊[38;2;216;156;172;48;2;105;79;85m▉[38;2;74;57;60;48;2;211;155;170m▌[38;2;227;162;180;48;2;227;159;178m▘[38;2;226;158;177;48;2;228;159;178m▘[38;2;228;159;178;48;2;227;159;179m▍[38;2;215;157;172;48;2;13;5;5m▉[38;2;16;15;12;48;2;161;125;132m▍[38;2;191;145;157;48;2;217;157;173m╴[38;2;225;166;182;48;2;233;212;225m▋[38;2;230;208;219;48;2;227;169;187m▋[38;2;230;160;181;48;2;227;159;180m╹[38;2;229;159;180m━[38;2;226;159;178;48;2;227;159;179m╻[38;2;227;160;179;48;2;228;161;181m▊[38;2;226;161;179;48;2;225;158;179m▇[38;2;226;157;178;48;2;225;159;181m▃[38;2;228;159;179;48;2;228;159;178m▘[38;2;227;159;178m╺[38;2;206;150;166;48;2;22;16;16m▋[38;2;60;53;52;48;2;184;165;159m▏[38;2;71;60;59;48;2;192;159;160m▚[38;2;131;102;108;48;2;215;157;172m▁[38;2;228;166;183;48;2;227;161;180m▃[38;2;198;146;160;48;2;39;33;31m▌[38;2;99;89;86;48;2;212;198;189m▝[38;2;93;78;79;48;2;196;161;166m▚[38;2;106;84;88;48;2;222;162;176m▂[38;2;228;166;181;48;2;219;161;175m┊[38;2;200;152;163;48;2;42;37;35m▖[38;2;38;33;32;48;2;158;129;134m╸[38;2;119;92;98;48;2;218;157;172m▁[38;2;224;159;177;48;2;226;162;180m▚[38;2;55;42;46;48;2;214;157;174m▝[38;2;54;46;46;48;2;186;144;158m▅[38;2;206;167;176;48;2;89;72;74m╸[38;2;122;94;101;48;2;210;153;170m▏[0m[38;2;225;159;180m▋[0m
[38;2;228;219;222;48;2;227;214;220m▘[38;2;230;214;220;48;2;228;194;205m▉[38;2;229;182;196;48;2;227;162;180m▏[38;2;223;163;180;48;2;67;49;52m▌[38;2;227;166;183;48;2;221;159;176m╴[38;2;228;160;179;48;2;227;159;178m╲[38;2;227;160;178;48;2;222;156;174m┊[38;2;47;37;37;48;2;175;127;140m┎[38;2;198;149;162;48;2;87;70;73m▄[38;2;11;11;9;48;2;171;128;139m▌[38;2;226;163;180;48;2;230;164;183m▇[38;2;223;163;180;48;2;227;195;208m▊[38;2;229;208;218;48;2;221;163;182m▉[38;2;227;160;179;48;2;226;159;178m▁[48;2;225;156;177m▂[38;2;229;160;180;48;2;226;159;179m▄[38;2;228;160;179;48;2;227;160;179m▅[38;2;229;160;179;48;2;227;159;178m╴[38;2;226;158;177;48;2;228;159;178m▘ [38;2;228;159;178;48;2;228;161;180m▉[38;2;201;145;161;48;2;52;38;41m▊[38;2;221;214;207;48;2;68;68;65m▝[38;2;34;36;32;48;2;202;189;184m▃[38;2;110;104;101;48;2;35;32;30m▘[38;2;33;31;28;48;2;214;164;177m▆[38;2;141;114;120;48;2;33;28;26m▂[38;2;189;190;186;48;2;17;20;15m▃[38;2;205;205;201;48;2;4;6;2m▄[38;2;213;213;209;48;2;2;4;0m▄[38;2;210;210;205;48;2;16;18;14m▃[38;2;133;131;129;48;2;20;20;18m▁[38;2;24;25;23;48;2;160;154;152m▇[38;2;90;90;88;48;2;21;20;18m▁[38;2;23;21;18;48;2;206;155;168m▅[38;2;94;74;77;48;2;226;166;181m▃[38;2;200;150;163;48;2;65;54;54m▋[38;2;210;168;173;48;2;106;85;86m▚[38;2;23;19;17;48;2;202;147;159m▘[0m[38;2;227;159;178m▋[0m
[38;2;229;216;220;48;2;228;216;221m▉[38;2;229;211;218;48;2;224;168;184m▌[38;2;226;159;178;48;2;227;160;179m▋[38;2;85;60;64;48;2;208;150;165m╵[38;2;230;164;181;48;2;227;160;179m▘[38;2;231;163;181;48;2;227;159;178m╶[38;2;59;45;46;48;2;190;137;151m▝[38;2;226;164;179;48;2;214;155;171m┊[38;2;227;165;180;48;2;105;82;87m▉[38;2;175;160;155;48;2;16;16;13m▗[38;2;49;40;40;48;2;199;148;162m▖[38;2;228;163;181;48;2;225;158;177m▖[38;2;225;156;177;48;2;227;159;179m▎[38;2;228;159;178;48;2;228;159;179m┈[48;2;227;159;178m▆[48;2;228;159;178m     [38;2;228;160;179;48;2;227;159;178m┈[38;2;156;117;127;48;2;38;35;33m▌[38;2;183;184;179;48;2;15;17;14m▃[38;2;227;226;218;48;2;53;56;52m▅[38;2;230;228;220;48;2;151;152;148m▇[38;2;184;183;178;48;2;60;61;63m▌[38;2;163;133;140;48;2;15;15;21m▘[38;2;17;52;105;48;2;193;194;191m▆[38;2;12;56;120;48;2;189;189;186m▆[38;2;12;56;121;48;2;196;196;193m▆[38;2;30;64;117;48;2;229;229;225m▆[38;2;34;53;89;48;2;219;218;213m▄[38;2;202;200;198;48;2;31;31;29m▇[38;2;234;231;228;48;2;220;219;215m╴[38;2;221;221;217;48;2;57;58;54m▆[38;2;223;224;220;48;2;57;54;52m▖[38;2;192;149;161;48;2;72;60;61m▅[38;2;19;13;12;48;2;217;160;175m▘[38;2;227;163;179;48;2;227;159;178m▘[0m[38;2;227;159;178m▋[0m
[38;2;228;168;184;48;2;232;217;219m▄[38;2;229;179;193;48;2;226;162;180m▏[38;2;227;159;179;48;2;227;160;180m▏[38;2;227;160;179;48;2;228;159;178m▏ [38;2;223;158;176;48;2;96;67;73m▊[38;2;104;74;81;48;2;223;160;178m▎[38;2;226;160;178;48;2;226;157;176m▄[38;2;228;164;181;48;2;118;90;96m▉[38;2;19;18;15;48;2;222;203;195m▌[38;2;62;53;53;48;2;204;186;182m▝[38;2;61;51;51;48;2;192;143;157m▄[38;2;114;86;91;48;2;220;159;174m▁[38;2;227;164;181;48;2;227;160;179m▖[38;2;226;160;178;48;2;228;159;178m▄[38;2;229;159;178;48;2;228;158;178m┈[38;2;228;159;178;48;2;229;161;180m▉[38;2;60;46;47;48;2;203;146;162m╺[38;2;127;94;102;48;2;215;155;171m▏[38;2;227;161;179;48;2;227;160;179m▖[38;2;228;161;179;48;2;220;157;174m┈[38;2;208;208;204;48;2;87;74;75m▗[38;2;231;231;226;48;2;231;230;223m╴[38;2;233;230;223;48;2;221;218;212m┊[38;2;183;181;175;48;2;25;47;76m▘[38;2;11;71;151;48;2;10;36;78m▇[38;2;11;71;156;48;2;13;39;84m▇[38;2;11;73;160;48;2;13;72;157m▃[38;2;10;74;160m▃[38;2;11;76;162;48;2;12;73;159m▃[38;2;13;80;166;48;2;11;74;161m▂[38;2;13;79;165;48;2;15;79;165m╴[38;2;25;57;100;48;2;92;95;100m▇[38;2;148;148;145;48;2;231;229;224m▏[38;2;231;228;222;48;2;229;226;220m▎[38;2;233;231;227;48;2;222;221;216m┊[38;2;53;43;44;48;2;169;146;150m▚[38;2;230;164;182;48;2;227;162;180m╴[38;2;227;158;177;48;2;228;159;178m▎[0m[38;2;227;159;178m▋[0m
[38;2;228;159;179;48;2;226;159;178m▄[38;2;228;159;180;48;2;227;160;179m▖[38;2;228;159;178m▆[38;2;228;159;179;48;2;229;159;181m▏[38;2;227;158;177;48;2;228;160;179m▃[38;2;228;164;182;48;2;61;45;47m▊[38;2;219;161;177;48;2;44;36;35m▝[38;2;227;162;180;48;2;228;163;181m┊[38;2;116;92;97;48;2;212;156;171m▁[38;2;231;224;220;48;2;26;26;23m▝[38;2;21;21;18;48;2;125;123;120m▄[38;2;203;203;199;48;2;55;54;51m▂[38;2;227;229;224;48;2;30;29;27m▃[38;2;37;35;33;48;2;174;153;156m╾[38;2;67;61;60;48;2;213;155;171m▂[38;2;229;163;181;48;2;216;155;172m╴[38;2;228;166;183;48;2;227;160;179m▁[38;2;229;163;182;48;2;226;162;180m┊[38;2;87;67;71;48;2;210;161;174m▊[38;2;229;166;183;48;2;224;163;179m╴[38;2;189;161;167;48;2;60;49;49m▚[38;2;161;162;158;48;2;226;225;219m▏[38;2;228;225;218;48;2;231;229;220m▃[38;2;230;227;221;48;2;90;89;86m▊[38;2;14;21;36;48;2;14;75;151m▍[38;2;13;82;165;48;2;10;75;159m▃[38;2;11;79;163;48;2;13;80;164m┊[38;2;83;162;210;48;2;16;83;166m▂[38;2;89;166;213;48;2;14;82;165m▄[38;2;91;169;215m▅[38;2;100;180;223;48;2;24;91;170m▅[38;2;101;183;223;48;2;73;144;196m┈[38;2;192;177;171;48;2;45;74;102m▗[38;2;233;219;215;48;2;226;212;206m╴[38;2;228;205;197;48;2;233;225;218m▅[38;2;228;206;197;48;2;235;227;223m▆[38;2;61;57;55;48;2;216;202;195m▝[38;2;32;24;23;48;2;198;143;158m▖[38;2;228;161;180;48;2;227;159;178m▏[0m[38;2;227;159;178m▋[0m
[38;2;228;159;178;48;2;229;160;179m▉[38;2;228;160;179;48;2;179;131;144m▉[38;2;95;70;75;48;2;226;161;179m▖[38;2;227;160;181;48;2;227;160;179m┷[38;2;227;159;178;48;2;225;159;177m▎[38;2;219;161;175;48;2;10;2;1m▉[38;2;191;184;181;48;2;34;33;30m┗[38;2;13;14;11;48;2;177;143;151m▆[38;2;194;159;167;48;2;33;30;28m▗[38;2;188;188;184;48;2;36;36;36m╺[38;2;30;52;87;48;2;208;208;205m▄[38;2;14;49;103;48;2;212;213;209m▅[38;2;29;63;116;48;2;230;232;228m▆[38;2;14;52;106;48;2;212;212;208m▅[38;2;27;53;91m▄[38;2;180;180;180;48;2;69;64;63m▆[38;2;228;226;223;48;2;107;85;89m▅[38;2;133;100;108;48;2;189;173;174m╹[38;2;180;163;165;48;2;47;43;41m▍[38;2;64;57;56;48;2;178;168;167m▝[38;2;233;231;228;48;2;220;218;214m╴[38;2;230;228;224;48;2;228;225;221m▘[38;2;228;224;220;48;2;228;225;217m▎[38;2;236;231;224;48;2;230;227;219m▝[38;2;37;52;72;48;2;211;208;203m▝[38;2;229;224;218;48;2;35;79;127m▂[38;2;106;154;178;48;2;50;125;189m▇[38;2;76;141;170;48;2;115;174;199m┊[38;2;213;211;209;48;2;111;183;217m▂[38;2;71;94;100;48;2;148;193;212m╶[38;2;117;172;197;48;2;176;191;199m╵[38;2;224;198;191;48;2;95;108;113m▆[38;2;233;205;197;48;2;231;204;197m┊[38;2;231;202;195;48;2;217;165;161m▌[38;2;234;198;193;48;2;231;202;196m▏[38;2;211;148;135;48;2;228;193;185m╽[38;2;228;208;199;48;2;231;212;204m▉[38;2;199;183;180;48;2;79;64;65m▎[38;2;228;164;182;48;2;227;161;179m╴[0m[38;2;226;159;178m▋[0m
[38;2;228;159;178;48;2;229;159;179m▌[38;2;228;159;179;48;2;227;161;180m╴[38;2;74;56;59;48;2;195;144;158m▚[38;2;229;164;183;48;2;226;162;180m╴[38;2;227;161;178;48;2;224;160;177m┈[38;2;228;166;179;48;2;71;55;57m▘[38;2;170;170;166;48;2;9;12;8m▗[38;2;222;222;217;48;2;108;109;106m▆[38;2;153;153;151;48;2;39;45;60m╸[38;2;2;4;4;48;2;13;52;114m▘[38;2;12;71;155;48;2;13;70;154m▇[38;2;12;71;156;48;2;10;71;155m▋[38;2;10;72;155;48;2;12;74;157m▋[38;2;13;77;162m▂[38;2;14;79;165;48;2;15;74;156m▄[38;2;16;35;62;48;2;19;78;159m▝[38;2;10;18;29;48;2;195;194;190m▖[38;2;229;226;219;48;2;232;229;222m▗[38;2;228;225;218;48;2;235;230;226m▅[38;2;228;224;217;48;2;232;229;224m▅[38;2;227;224;217;48;2;230;227;220m▇[38;2;227;224;219;48;2;227;224;218m┊[38;2;227;224;218;48;2;227;224;219m▁[48;2;227;224;218m [38;2;231;228;222;48;2;228;225;218m▁[38;2;232;229;222;48;2;229;225;219m┊[38;2;233;229;221;48;2;229;226;219m┊[38;2;229;226;219;48;2;234;230;224m▅[38;2;228;225;219;48;2;233;230;225m▅[38;2;232;225;219;48;2;235;229;224m▄[38;2;232;209;202;48;2;231;203;196m▏[38;2;227;203;195;48;2;229;203;196m▂[38;2;226;202;196;48;2;229;204;196m▆[38;2;214;157;152;48;2;228;196;191m▝[38;2;226;200;193;48;2;230;201;195m▂[38;2;216;164;154;48;2;229;200;192m╹[38;2;231;209;200;48;2;230;205;197m▁[38;2;194;179;174;48;2;26;24;22m▌[38;2;73;55;58;48;2;223;160;178m▎[0m[38;2;226;159;178m▋[0m
[38;2;65;57;62;48;2;218;159;175m▖[38;2;226;161;179;48;2;226;157;177m▁[38;2;222;160;177;48;2;84;64;67m▊[38;2;224;165;181;48;2;55;43;44m▝[38;2;191;145;157;48;2;38;30;29m▌[38;2;16;17;17;48;2;3;5;3m╷[38;2;9;11;7;48;2;216;217;212m▎[38;2;217;217;212;48;2;11;12;11m▉[38;2;6;14;30;48;2;17;72;149m▍[38;2;14;77;158;48;2;13;71;155m▂[38;2;15;78;163;48;2;11;72;157m▄[38;2;50;120;185;48;2;14;78;162m▁[38;2;95;172;218;48;2;19;84;165m▂[38;2;100;180;222;48;2;25;92;170m▃[38;2;94;173;216;48;2;16;84;169m▅[38;2;99;175;222;48;2;49;97;142m╸[38;2;33;37;43;48;2;217;216;213m▘[38;2;232;229;222;48;2;229;226;219m▌[38;2;228;225;218;48;2;227;224;218m╸[38;2;230;227;220m▁[38;2;231;227;220;48;2;225;222;215m┊[38;2;74;63;60;48;2;229;225;218m▂[38;2;125;73;68;48;2;218;214;208m▂[38;2;135;82;76;48;2;228;225;218m▃[38;2;77;67;64;48;2;202;166;159m╼[38;2;201;119;113;48;2;82;72;70m▖[38;2;135;135;131;48;2;229;227;221m▖[38;2;232;228;223;48;2;228;225;218m▖[38;2;227;224;219;48;2;227;224;217m╺[38;2;228;224;217;48;2;231;226;220m▍[38;2;232;226;220;48;2;228;208;201m▖[38;2;227;206;197;48;2;226;204;195m╺[38;2;231;203;196;48;2;227;203;195m▗[38;2;231;204;196;48;2;227;201;195m▄[38;2;231;204;197;48;2;227;201;194m▄[38;2;113;101;98;48;2;225;200;193m▂[38;2;36;31;29;48;2;152;121;124m╼[38;2;28;18;18;48;2;99;70;75m▍[38;2;9;6;4;48;2;205;149;164m▍[0m[38;2;226;159;178m▋[0m
[38;2;146;135;99;48;2;32;33;31m▗[38;2;81;70;61;48;2;193;145;157m▄[38;2;149;117;124;48;2;223;166;178m▁[38;2;172;134;142;48;2;70;60;60m▖[38;2;200;159;166;48;2;66;57;56m▃[38;2;173;146;152;48;2;45;37;36m┛[38;2;42;39;37;48;2;107;103;100m▉[38;2;58;50;50;48;2;193;193;187m▖[38;2;216;213;208;48;2;54;74;98m▃[38;2;170;159;157;48;2;21;73;131m▁[38;2;7;8;7;48;2;59;130;188m▁[38;2;9;11;11;48;2;102;180;219m▁[38;2;101;185;226;48;2;114;174;203m╴[38;2;170;168;166;48;2;141;184;206m╷[38;2;175;164;161;48;2;180;190;197m╴[38;2;226;215;209;48;2;117;120;121m▇[38;2;235;228;221;48;2;234;229;222m┈[38;2;47;46;44;48;2;229;226;221m▁[38;2;45;31;29;48;2;220;217;211m▁[38;2;94;69;65;48;2;198;172;165m┍[38;2;221;126;112;48;2;119;93;88m▄[38;2;197;115;105;48;2;85;51;46m▖[38;2;221;126;109;48;2;215;120;106m╴[38;2;221;117;104;48;2;224;120;108m▇[38;2;221;117;103;48;2;219;118;105m▆[38;2;223;117;106;48;2;222;119;107m╴[38;2;217;119;108;48;2;98;68;65m▅[38;2;48;29;27;48;2;196;154;147m╾[38;2;92;66;62;48;2;222;220;214m▃[38;2;78;79;74;48;2;226;223;216m▁[38;2;233;231;222;48;2;231;226;220m▄[38;2;233;227;221;48;2;229;210;204m▆[38;2;114;111;109;48;2;228;211;205m▁[38;2;79;60;63;48;2;217;194;187m▃[38;2;36;30;28;48;2;158;114;122m╸[38;2;164;94;114;48;2;53;35;38m▖[38;2;84;52;59;48;2;173;99;120m▖[38;2;39;27;27;48;2;156;93;111m▝[38;2;8;5;2;48;2;207;152;167m▌[0m[38;2;226;159;178m▋[0m
[38;2;29;28;21m▝[7m[38;2;40;37;28m▖[0m[38;2;209;156;171;48;2;97;79;82m▅[38;2;199;145;161;48;2;91;76;78m▄[38;2;18;11;11;48;2;200;150;162m╸[38;2;227;164;177;48;2;221;160;174m╴[38;2;206;152;163;48;2;68;52;54m▋[38;2;138;107;114;48;2;24;20;18m▘[38;2;107;100;98;48;2;230;208;203m▏[38;2;230;203;195;48;2;232;212;205m▇[38;2;231;203;195;48;2;194;174;171m▇[38;2;228;198;189;48;2;198;183;178m▇[38;2;231;205;198;48;2;231;204;196m┊[38;2;219;176;167;48;2;232;201;192m╻[38;2;232;204;196;48;2;230;203;196m▏[38;2;228;201;194m▃[38;2;235;219;211;48;2;230;204;197m▝[38;2;219;209;203;48;2;34;32;30m▉[38;2;7;2;2;48;2;207;124;113m▍[38;2;223;123;113;48;2;223;122;108m▘[38;2;223;120;105;48;2;220;120;105m▅[38;2;222;126;113;48;2;210;116;102m┊[38;2;98;55;51;48;2;198;114;102m▚[38;2;226;130;114;48;2;222;121;107m╴[38;2;223;119;106;48;2;219;118;104m▆[38;2;221;118;105;48;2;222;117;105m▃[38;2;224;115;104;48;2;221;116;104m▌[38;2;223;122;108;48;2;220;118;105m▝[38;2;223;120;106;48;2;222;121;108m┈[38;2;210;116;105;48;2;41;27;24m▇[38;2;214;118;111;48;2;112;98;94m▄[38;2;85;63;60;48;2;182;179;174m▆[38;2;214;157;158;48;2;54;43;43m▆[38;2;24;17;15;48;2;146;108;112m┖[38;2;34;30;27;48;2;142;108;117m▁[38;2;178;168;170;48;2;116;88;94m┾[38;2;156;138;140;48;2;25;18;17m▆[38;2;14;14;13;48;2;140;124;126m─[38;2;17;14;11;48;2;204;150;164m▍[38;2;182;124;139;48;2;129;95;108m┊[0m
 [7m[38;2;9;10;12m▊[0m[38;2;33;26;26;48;2;204;152;167m▍[38;2;226;163;181;48;2;225;160;179m▎[38;2;227;162;179;48;2;226;158;177m▃[38;2;228;163;177;48;2;227;160;178m▃[38;2;228;162;179;48;2;226;164;180m╴[38;2;178;135;147;48;2;23;19;19m▖[38;2;33;30;28;48;2;175;161;154m▖[38;2;232;207;197;48;2;231;205;196m╴[38;2;232;202;192;48;2;229;199;190m▄[38;2;231;198;188;48;2;210;151;141m▌[38;2;229;187;178;48;2;232;203;195m▏[38;2;217;164;152;48;2;229;194;186m┛[38;2;230;203;197;48;2;229;203;195m▉[38;2;228;202;195;48;2;226;204;195m▎[38;2;228;204;196;48;2;226;203;195m▝[38;2;231;214;206;48;2;169;165;160m▉[38;2;47;39;37;48;2;189;113;101m▌[38;2;224;126;111;48;2;221;120;106m▏[38;2;222;116;103;48;2;223;117;105m▆[38;2;222;117;102;48;2;223;117;103m▄[48;2;223;118;106m▅[48;2;223;119;106m▄[38;2;222;115;103;48;2;220;118;105m▄[38;2;222;115;101;48;2;220;117;103m▄[38;2;223;117;102;48;2;221;116;102m┊[38;2;183;87;80;48;2;220;116;102m▃[38;2;172;79;74;48;2;217;114;103m▅[38;2;165;77;73;48;2;211;112;100m▆[48;2;212;112;101m▆[38;2;168;77;73;48;2;184;100;94m╴[38;2;83;59;58;48;2;209;161;163m▊[38;2;68;52;51;48;2;217;159;162m▝[38;2;232;162;168;48;2;219;157;162m╴[38;2;228;156;163;48;2;230;165;171m▆[38;2;229;157;164;48;2;230;162;169m▆[38;2;30;24;22;48;2;167;121;125m▝[38;2;34;27;25;48;2;170;131;134m╸[0m[38;2;155;117;117m▋[0m
  [38;2;14;14;15;48;2;143;111;119m▊[38;2;23;21;18;48;2;175;139;148m┏[38;2;137;128;126;48;2;178;155;155m╺[38;2;56;45;45;48;2;188;155;160m╾[38;2;100;80;85;48;2;222;162;176m▂[38;2;126;98;105;48;2;220;164;179m▝[38;2;125;93;99;48;2;61;47;48m╹[38;2;64;57;56;48;2;158;147;141m▆[38;2;68;58;57;48;2;228;202;195m▄[38;2;60;52;51;48;2;228;197;189m▂[38;2;120;111;108;48;2;230;203;197m▁[38;2;213;196;188;48;2;230;203;196m▁[38;2;229;209;200m▁[38;2;229;210;200;48;2;229;203;195m▁[38;2;223;206;198;48;2;227;205;196m▁[38;2;163;161;156;48;2;233;224;216m▁[38;2;182;181;176;48;2;51;44;41m▌[38;2;72;46;42;48;2;218;123;111m▖[38;2;224;121;106;48;2;222;117;103m▖[38;2;204;104;92;48;2;221;116;102m▁[38;2;174;82;72;48;2;218;114;100m▄[38;2;171;79;72;48;2;220;116;105m▆[38;2;169;77;73;48;2;209;107;98m▆[38;2;171;78;73;48;2;221;115;105m▇[38;2;170;77;70;48;2;187;92;82m▇[38;2;167;75;67;48;2;168;77;72m▃[38;2;166;75;70m▃[38;2;166;74;70;48;2;167;76;74m▄[38;2;168;74;72;48;2;168;76;74m▖[38;2;169;76;74;48;2;182;94;88m╴[38;2;77;53;50;48;2;196;150;153m▊[38;2;230;165;169;48;2;228;159;165m▍[38;2;229;156;164;48;2;227;155;162m▄[38;2;230;157;165;48;2;229;156;164m┘[38;2;229;156;164;48;2;228;155;163m▍[38;2;227;155;162;48;2;229;158;164m▇[38;2;225;158;163;48;2;122;87;88m▆[0m[38;2;167;121;124m▋[0m
[7m[38;2;7;10;10m▉[0m[38;2;212;199;193;48;2;49;48;47m▗[38;2;206;194;187;48;2;20;18;16m▅[38;2;207;204;198;48;2;76;73;71m▄[38;2;232;228;221;48;2;219;206;200m▇[38;2;232;231;226;48;2;230;226;221m▝[38;2;222;218;214;48;2;95;94;93m▆[38;2;209;198;195;48;2;67;58;59m▅[38;2;222;208;203;48;2;141;129;125m▇[38;2;235;229;222;48;2;217;207;201m╴[38;2;26;22;21;48;2;126;78;91m▋[38;2;170;96;117;48;2;123;79;90m▇[38;2;165;92;113;48;2;12;6;4m▇[38;2;117;67;81;48;2;35;23;23m▖[38;2;173;96;118;48;2;53;47;44m▆[38;2;138;82;97;48;2;39;28;28m▌[38;2;142;83;99;48;2;39;29;27m▆[38;2;130;75;90;48;2;41;27;28m▋[38;2;146;94;108;48;2;66;51;53m┗[38;2;128;128;126;48;2;39;33;30m▂[38;2;72;51;47;48;2;202;114;101m▄[38;2;226;125;112;48;2;191;102;89m╴[38;2;170;77;68;48;2;169;78;68m╴[38;2;168;73;64;48;2;171;76;68m▄▖[38;2;170;73;67;48;2;171;75;68m▗[38;2;170;76;67;48;2;166;74;65m▘[38;2;165;72;64;48;2;162;71;64m▂[38;2;163;72;66;48;2;164;73;67m┈[38;2;164;72;67;48;2;169;81;75m╴[38;2;83;55;54;48;2;175;86;81m▃[38;2;65;47;45;48;2;170;119;118m▝[38;2;223;158;162;48;2;156;114;115m▇[38;2;228;157;162;48;2;227;154;162m▘[48;2;229;156;164m [38;2;228;155;163m▝[38;2;230;157;165;48;2;228;155;163m▝[38;2;230;157;164;48;2;227;155;162m▘[38;2;229;156;164m▖[0m[38;2;226;154;161m▋[0m
 [38;2;26;29;27;48;2;201;201;197m▊[38;2;234;232;226;48;2;231;229;222m▍[38;2;228;225;219;48;2;231;228;221m▇[38;2;221;206;200;48;2;229;226;219m▂[38;2;213;188;182;48;2;226;219;212m▄[38;2;213;182;178;48;2;211;185;180m╴[38;2;208;185;178;48;2;208;184;178m┊[38;2;207;185;177;48;2;210;185;179m╴[38;2;67;68;65;48;2;215;208;201m▗[38;2;145;119;128;48;2;36;35;33m▝[38;2;181;141;146;48;2;57;38;43m▃[38;2;46;29;31;48;2;158;100;114m╾[38;2;125;76;89;48;2;14;10;8m▋[38;2;42;35;34;48;2;152;118;126m▎[38;2;28;25;25;48;2;133;110;116m▁[38;2;206;207;208;48;2;81;66;68m━[38;2;164;141;143;48;2;40;32;33m▇[38;2;115;87;88;48;2;191;154;156m╸[38;2;225;162;164;48;2;96;77;78m▆[38;2;229;166;169;48;2;225;161;165m┊[38;2;222;158;163;48;2;87;62;61m▅[38;2;62;44;43;48;2;195;131;127m━[38;2;15;6;6;48;2;165;100;95m╴[38;2;96;68;71;48;2;178;90;82m▃[38;2;85;60;61;48;2;178;88;80m▃[38;2;86;56;52;48;2;156;91;86m╶[38;2;29;19;17;48;2;187;118;116m╼[38;2;89;64;63;48;2;186;125;126m┙[38;2;207;153;158;48;2;49;36;35m▅[38;2;176;175;174;48;2;95;85;85m╲[38;2;97;79;77;48;2;226;166;168m▖[38;2;229;162;164;48;2;231;158;165m▋[38;2;228;155;162;48;2;227;154;162m▏[38;2;227;154;162;48;2;229;156;164m▂[38;2;227;155;162m▂[38;2;229;156;164;48;2;227;154;162m▍[38;2;227;154;162;48;2;229;156;163m▌[38;2;228;155;163;48;2;227;154;161m▊[0m[38;2;226;154;161m▋[0m
[38;2;161;149;145;48;2;39;37;36m▆[38;2;45;42;40;48;2;221;214;209m▁[38;2;168;166;162;48;2;233;228;222m▁[38;2;230;225;217;48;2;218;200;194m▋[38;2;213;187;184;48;2;211;187;182m╴[38;2;209;185;179;48;2;208;184;178m▁[38;2;222;211;203;48;2;208;185;179m▗[38;2;230;230;220;48;2;211;188;182m▃[38;2;216;195;187;48;2;230;226;220m▘[38;2;37;37;34;48;2;187;186;181m╹[38;2;209;208;203;48;2;43;44;41m▊[38;2;33;26;23;48;2;210;151;157m▍[38;2;228;158;163;48;2;225;162;169m▆[38;2;205;150;156;48;2;37;27;25m▉[38;2;8;9;5;48;2;174;128;131m▍[38;2;228;158;165;48;2;140;107;112m▇[38;2;228;155;162;48;2;230;163;170m▆[38;2;227;155;161;48;2;229;159;165m▆[38;2;228;157;163;48;2;229;161;166m▋[38;2;45;34;33;48;2;178;132;134m┓[38;2;231;168;170;48;2;230;160;165m▖[38;2;228;155;162;48;2;229;157;163m▇[48;2;229;159;165m▇[38;2;228;156;162;48;2;230;160;166m▆[38;2;228;156;163;48;2;231;162;167m▇[38;2;228;155;162;48;2;230;161;166m▅[48;2;228;162;166m▄[38;2;227;155;162;48;2;229;160;166m▅[38;2;227;154;161;48;2;229;158;164m▆[38;2;227;157;163;48;2;229;162;168m▇[38;2;81;67;66;48;2;223;161;167m▝[38;2;172;163;160;48;2;76;69;67m╳[38;2;79;68;67;48;2;217;159;163m▖[38;2;231;164;168;48;2;228;156;162m▖[48;2;227;154;161m [38;2;229;156;164;48;2;228;155;163m━[38;2;229;156;163;48;2;227;154;162m▍[38;2;229;157;164;48;2;228;155;162m╺[38;2;229;156;164m┙[0m[38;2;226;154;161m▋[0m
[?25h