[?25l[0m [38;2;0;0;0m              [0m [38;2;129;91;102m▁[38;2;179;125;141m▃[38;2;212;151;170m▄[38;2;216;153;173m▅[38;2;219;163;180m▆[38;2;235;179;196m▆[38;2;222;171;187m▆[38;2;176;131;144m▅[38;2;144;108;120m▃[0m [38;2;55;47;55m              [0m
 [38;2;0;0;0m            [0m [38;2;176;143;151m▗[38;2;62;49;54;48;2;212;159;175m▘[38;2;234;167;189;48;2;223;169;186m▇[38;2;233;163;186;48;2;234;165;188m▇[38;2;234;165;187;48;2;224;158;178m┊[38;2;126;80;91;48;2;230;161;182m▖[38;2;234;164;187;48;2;233;163;186m▎ [38;2;202;144;163;48;2;233;164;187m▁[38;2;233;163;186;48;2;234;164;186m▇[38;2;233;164;187;48;2;233;165;187m▇[38;2;226;167;185;48;2;95;70;80m▆[0m[38;2;80;57;64m╷[0m [38;2;13;15;24m            [0m
 [38;2;0;0;0m           [38;2;98;87;93m▁[7m[38;2;210;183;189m▘[0m[38;2;253;218;226;48;2;250;215;223m┈[38;2;253;218;225;48;2;251;216;225m┊[38;2;236;172;191;48;2;248;210;219m▂[38;2;159;131;138;48;2;217;180;191m╷[38;2;183;162;169;48;2;92;68;73m▌[38;2;166;113;127;48;2;235;180;196m▏[38;2;245;197;211;48;2;234;167;188m▖[38;2;225;161;182;48;2;98;73;79m▋[38;2;53;35;38;48;2;184;134;150m▘[38;2;196;139;155;48;2;232;171;190m╷[38;2;250;213;222;48;2;236;180;197m▆[38;2;236;174;194;48;2;251;215;223m▃[38;2;252;218;227;48;2;232;179;195m╴[38;2;204;175;183;48;2;42;39;42m▃[0m [38;2;13;15;24m           [0m
 [38;2;0;0;0m          [38;2;13;11;12m╷[38;2;79;62;66;48;2;188;166;172m▃[38;2;234;166;188;48;2;248;204;216m▅[38;2;234;165;187;48;2;244;201;212m▇[38;2;209;165;178;48;2;232;193;206m▝[38;2;251;246;249;48;2;200;184;188m┈[38;2;167;161;162;48;2;217;212;214m▎[38;2;57;41;45;48;2;205;173;184m┃[38;2;233;164;187;48;2;237;176;195m▇[38;2;233;163;186;48;2;233;164;186m╴[38;2;73;55;60;48;2;188;167;173m┚[38;2;132;112;116;48;2;211;203;206m▝[38;2;69;51;54;48;2;178;140;150m┪[38;2;233;164;186;48;2;237;175;194m┈[48;2;233;163;186m [38;2;233;163;186;48;2;234;164;186m▇[48;2;233;165;187m╴[0m[38;2;90;71;76m╴           [0m
 [38;2;0;0;0m        [0m [38;2;16;15;17m┋[0m [38;2;26;24;28;48;2;187;143;156m▌[38;2;91;52;61;48;2;214;152;170m╻[38;2;142;109;118;48;2;227;164;184m▁[38;2;91;88;88;48;2;191;184;186m▖[38;2;150;145;146;48;2;229;225;225m▏[38;2;139;137;136;48;2;247;242;244m▘[38;2;74;55;59;48;2;204;189;195m┗[38;2;132;98;108;48;2;215;172;186m╸[38;2;145;121;127;48;2;223;160;180m▁[38;2;29;19;20;48;2;227;223;224m▎[38;2;117;114;115m▘[38;2;29;24;23;48;2;190;159;167m┨[38;2;232;164;185;48;2;233;163;186m▍[38;2;228;163;183;48;2;128;90;100m▉[38;2;109;70;79;48;2;232;164;185m▎[38;2;234;164;187;48;2;224;169;184m▉[0m[38;2;45;29;32m▌           [0m
 [38;2;0;0;0m      [0m  [38;2;210;159;167m▃[38;2;61;39;41;48;2;179;132;142m╴[38;2;151;119;126;48;2;49;43;49m▄[38;2;117;120;123;48;2;188;207;214m▗[38;2;97;74;82;48;2;220;156;177m▘[38;2;233;170;191;48;2;127;95;103m▅[38;2;244;236;240;48;2;123;120;119m▆[38;2;251;245;247;48;2;250;244;246m┊[38;2;90;76;77;48;2;206;192;196m┏[38;2;220;176;186;48;2;158;152;153m▇[38;2;224;178;189;48;2;181;163;166m▆[38;2;41;34;35;48;2;195;179;183m┃[38;2;251;246;249;48;2;241;235;237m╴[38;2;208;203;205;48;2;232;227;228m╵[38;2;19;10;10;48;2;180;150;158m┃[38;2;233;163;186;48;2;233;164;186m┊[38;2;230;165;185;48;2;80;55;59m▉[38;2;48;23;27;48;2;232;165;186m▎[38;2;227;162;183;48;2;75;51;56m▉[38;2;64;33;39;48;2;39;30;36m┧[0m[38;2;64;33;39m           [0m
 [38;2;0;0;0m      [38;2;10;10;11m┃[38;2;230;174;182;48;2;61;46;51m▗[38;2;238;179;189;48;2;238;178;185m▘[38;2;238;178;185;48;2;238;177;187m▆[38;2;139;108;112;48;2;236;177;185m╺[38;2;103;89;90;48;2;189;145;153m╹[38;2;94;70;77;48;2;205;157;170m╸[38;2;116;89;93;48;2;215;157;171m╼[38;2;123;84;91;48;2;199;154;163m─[38;2;161;113;125;48;2;210;183;188m━[38;2;103;88;90;48;2;212;172;181m▌[38;2;222;179;189;48;2;222;176;187m▂[38;2;224;179;189;48;2;223;177;188m▁[38;2;30;23;23;48;2;204;179;184m┃[38;2;251;246;248;48;2;228;207;210m┈[38;2;169;144;147;48;2;221;205;207m╻[38;2;44;33;34;48;2;193;155;166m┚[38;2;235;164;186;48;2;233;164;187m▄[38;2;84;56;62;48;2;184;129;145m┍[38;2;161;108;123;48;2;235;164;185m▏[38;2;228;164;183;48;2;83;55;62m▋[0m[38;2;202;153;167m▍           [0m
 [38;2;0;0;0m      [7m[38;2;75;60;63m▉[38;2;213;167;173m▁[0m[38;2;38;34;38;48;2;236;181;187m▁[38;2;146;123;126;48;2;238;179;186m▁[38;2;203;160;168;48;2;238;178;185m▁[38;2;239;182;193m▁[38;2;239;182;192;48;2;238;178;186m▁[38;2;239;179;191;48;2;238;177;186m▂[38;2;238;179;190;48;2;238;178;185m▂[38;2;235;178;187;48;2;238;178;186m▁[38;2;238;178;187;48;2;163;127;132m▇[38;2;220;168;176;48;2;104;82;86m▇[38;2;92;84;82;48;2;173;158;158m┸[38;2;72;48;49;48;2;200;153;160m╌[38;2;58;43;44;48;2;225;169;178m╼[38;2;107;90;92;48;2;191;146;153m▝[38;2;63;46;48;48;2;151;117;123m╌[38;2;125;81;91;48;2;186;123;142m╸[38;2;204;124;150;48;2;187;116;137m╴[38;2;216;142;166;48;2;236;165;186m▏[38;2;233;165;187;48;2;233;163;186m▝[38;2;16;6;6;48;2;109;84;96m┃[0m[38;2;16;6;6m           [0m
 [38;2;0;0;0m         [0m  [7m[38;2;97;75;81m▇[0m[38;2;87;65;71;48;2;203;144;161m▘[38;2;209;143;162;48;2;194;125;146m▏[38;2;203;127;151;48;2;180;118;135m╴[38;2;122;81;87;48;2;203;150;157m┛[38;2;239;177;188;48;2;238;178;185m▍[38;2;216;165;171;48;2;106;94;95m▋[38;2;110;81;83;48;2;185;156;158m╱[38;2;240;178;189;48;2;238;177;186m▘[38;2;238;177;187;48;2;238;178;185m╶[38;2;234;174;183;48;2;173;121;129m▉[38;2;239;178;187;48;2;230;172;181m┊[38;2;111;79;85;48;2;202;143;158m▚[38;2;201;125;148;48;2;197;124;148m╴[38;2;237;167;188;48;2;233;165;185m▍[38;2;233;164;185;48;2;236;165;186m▋[38;2;11;8;9;48;2;88;67;77m┇[0m[38;2;11;8;9m           [0m
 [38;2;0;0;0m          [0m [7m[38;2;176;123;138m▘[0m[38;2;235;163;185;48;2;205;130;154m▌[38;2;201;125;149;48;2;189;117;140m┊[38;2;102;66;72;48;2;193;140;150m┛[38;2;238;177;188;48;2;238;178;186m╴[38;2;238;178;185;48;2;237;178;187m╴[38;2;207;164;171;48;2;107;98;97m▏[38;2;137;127;126;48;2;229;178;186m▏[48;2;238;178;185m [38;2;238;178;185;48;2;238;178;186m▉[38;2;226;174;181;48;2;12;1;1m▉[38;2;36;8;11;48;2;230;172;180m▏[38;2;239;178;188;48;2;233;176;184m┊[38;2;20;4;6;48;2;180;128;140m╲[38;2;236;165;188;48;2;227;160;182m╴[38;2;233;163;186;48;2;234;166;189m▉[0m[38;2;216;169;185m▎           [0m
 [38;2;0;0;0m         [0m [7m[38;2;193;135;152m▌[0m[38;2;235;164;186;48;2;223;149;172m▉[38;2;141;94;105;48;2;196;124;146m▁[38;2;104;69;76;48;2;193;141;150m┛[38;2;237;179;187;48;2;238;178;186m▏[38;2;238;177;186;48;2;238;178;185m▁[38;2;232;176;184;48;2;103;82;83m▊[38;2;86;80;79;48;2;217;188;192m▋[38;2;238;178;185;48;2;238;179;186m┊[48;2;238;178;185m  [38;2;235;178;187;48;2;77;57;58m▉[38;2;37;21;22;48;2;235;177;187m▎[38;2;238;178;185;48;2;239;177;186m▇[38;2;239;177;187;48;2;237;178;185m┊[38;2;106;71;80;48;2;187;139;149m└[38;2;166;116;131;48;2;225;158;179m▁[0m[38;2;117;88;97m▌           [0m
 [38;2;0;0;0m         [38;2;171;124;137m▗[38;2;235;165;187;48;2;229;161;182m╴[38;2;213;147;167;48;2;118;75;86m▉[38;2;186;144;149;48;2;96;74;72m▝[38;2;90;74;69;48;2;238;179;189m▅[38;2;80;66;61;48;2;225;169;177m▃[38;2;72;59;54;48;2;231;174;182m▂[38;2;58;46;46;48;2;177;139;143m▝[38;2;57;44;43;48;2;203;166;171m▁[38;2;192;156;160;48;2;238;178;185m▁[38;2;224;176;184m▁[38;2;239;178;187;48;2;227;170;177m┈[38;2;239;180;190;48;2;218;179;186m▉[38;2;56;36;38;48;2;233;177;184m▍[38;2;239;177;187;48;2;238;178;185m▖[38;2;239;177;188m▂[38;2;157;118;125;48;2;236;178;187m▁[38;2;109;74;83;48;2;185;137;149m┃[38;2;118;88;96;48;2;77;60;68m╸[0m[38;2;118;88;96m           [0m
 [38;2;0;0;0m        [38;2;49;38;43m╶[38;2;28;20;24;48;2;129;99;108m┎[38;2;119;78;90;48;2;228;160;181m▏[38;2;49;40;38;48;2;191;132;149m▝[38;2;193;123;145;48;2;87;74;68m▃[38;2;165;112;126;48;2;62;51;47m▂[38;2;154;146;149;48;2;88;75;68m▁[38;2;217;208;213;48;2;87;73;67m▁[38;2;143;135;138;48;2;92;78;72m▁[38;2;99;91;94;48;2;93;80;74m▁[38;2;48;41;38;48;2;103;90;85m▌[38;2;160;154;146;48;2;91;77;71m▁[38;2;92;80;74;48;2;21;17;14m▊[38;2;89;79;73;48;2;159;127;128m▇[38;2;206;183;186;48;2;93;77;77m▝[38;2;241;235;234;48;2;191;153;162m┷[38;2;156;115;126;48;2;219;205;206m▂[38;2;28;18;19;48;2;185;140;153m╹[38;2;233;164;187;48;2;234;165;186m┈[38;2;23;18;20;48;2;79;63;72m┇[0m[38;2;23;18;20m           [0m
 [38;2;0;0;0m        [38;2;7;8;8m╹[0m [7m[38;2;177;127;143m▍[0m[38;2;180;129;143;48;2;199;135;154m╴[38;2;201;124;151;48;2;199;124;150m┊[38;2;200;124;151;48;2;201;125;151m╴[38;2;212;187;195;48;2;101;70;77m▝[38;2;80;69;65;48;2;243;226;235m▄[38;2;81;71;67;48;2;245;229;238m▄[38;2;68;59;54;48;2;224;211;218m▃[38;2;44;39;41;48;2;143;134;136m▎[38;2;84;72;68;48;2;210;195;203m▂[38;2;80;69;64;48;2;212;198;205m▂[38;2;71;61;58;48;2;206;193;199m▂[38;2;48;20;26;48;2;201;126;149m▎[38;2;200;124;151;48;2;201;125;150m▄[48;2;200;124;151m [38;2;201;127;151;48;2;191;121;143m┈[38;2;91;59;67;48;2;105;77;87m╸[0m[38;2;9;6;6m┃           [0m
 [38;2;0;0;0m          [0m [7m[38;2;234;166;186m▇[38;2;159;107;122m▂[38;2;182;115;138m▃[38;2;73;53;58m▖[0m[38;2;93;79;73;48;2;93;79;72m┈[38;2;95;80;72;48;2;92;78;72m▁[38;2;94;81;74;48;2;50;44;41m▉[38;2;98;98;96;48;2;56;53;51m┋[38;2;95;84;75;48;2;93;78;70m▌[38;2;92;78;71;48;2;94;80;72m▇[38;2;85;74;67;48;2;22;19;18m▊[0m[7m[38;2;158;98;118m▅[38;2;198;123;149m▅[38;2;184;121;143m▄[0m[38;2;150;100;116m▘ [0m [38;2;12;14;21m           [0m
 [38;2;0;0;0m              [0m [38;2;23;18;20;48;2;77;60;56m▖[38;2;110;78;72;48;2;59;48;43m▆[38;2;108;79;73;48;2;56;47;44m▄[38;2;83;82;81;48;2;45;35;32m▘[38;2;119;85;77;48;2;98;74;67m┈[38;2;25;19;17;48;2;85;67;62m▗[0m[38;2;21;16;15m╹                 [0m
 [38;2;0;0;0m               [0m [7m[38;2;94;72;68m▄[38;2;97;73;68m▅[38;2;49;35;33m▅[38;2;100;72;66m▅[0m [38;2;33;27;31m                  [0m
 [38;2;0;0;0m                                       [0m
[?25h