[?25l[0m [38;2;0;0;0m                         [0m  [38;2;27;28;32m▁[38;2;27;28;31m▁[0m   [38;2;13;15;24m       [0m
 [38;2;0;0;0m                  [0m [38;2;32;32;33m▂[38;2;137;117;119m▁[38;2;224;184;192m▂[38;2;237;193;202;48;2;29;28;32m▃[38;2;240;193;202;48;2;29;28;30m▄[38;2;232;187;195;48;2;31;32;32m▅[38;2;249;199;209;48;2;34;32;31m▅[38;2;253;201;211;48;2;63;56;57m▅[38;2;237;189;198;48;2;32;31;30m▆[38;2;240;192;201;48;2;31;31;30m▆[38;2;253;201;211;48;2;68;61;62m▅[38;2;250;200;210;48;2;38;36;35m▅[38;2;242;195;204;48;2;33;32;31m▅[38;2;246;198;208;48;2;38;36;38m▄[38;2;250;201;211;48;2;41;39;42m▃[38;2;204;166;173;48;2;24;24;29m▃[0m[38;2;117;100;103m▃[38;2;37;36;36m▃[38;2;29;30;32m▂[0m [0m
 [38;2;0;0;0m               [38;2;27;28;31m▂[38;2;109;93;95m▂[38;2;232;188;196;48;2;42;39;42m▃[38;2;242;194;204;48;2;57;53;52m▅[38;2;246;197;206;48;2;84;75;75m▇[38;2;254;201;211;48;2;252;200;210m┈[48;2;254;201;211m   [38;2;254;202;211m▂[38;2;251;202;211;48;2;253;202;211m▁[48;2;254;202;211m▁[38;2;253;202;211;48;2;253;201;211m┈[38;2;251;202;211;48;2;254;201;211m▁[38;2;252;202;211m▁[38;2;253;202;211;48;2;254;202;211m╷[48;2;254;201;211m [38;2;253;200;212m▁  [38;2;253;201;211m┊[38;2;252;201;211;48;2;165;137;142m▇[38;2;244;196;204;48;2;58;54;54m▆[38;2;241;193;202;48;2;48;45;46m▄[0m
 [38;2;0;0;0m            [0m  [38;2;197;162;169;48;2;39;37;41m▃[38;2;236;189;197;48;2;62;55;56m▆[38;2;253;202;211;48;2;250;200;209m┈[38;2;254;201;211;48;2;253;200;212m▇[48;2;254;201;211m [38;2;218;172;180;48;2;253;201;211m▁[38;2;187;147;153;48;2;248;197;206m▂[38;2;189;149;154;48;2;251;200;209m▄[38;2;185;146;150;48;2;249;198;208m▅[38;2;184;145;149;48;2;247;199;208m▆[38;2;185;146;150;48;2;252;201;210m▇[38;2;183;144;148;48;2;227;180;189m▇[48;2;206;163;170m▇[48;2;192;150;157m▇[48;2;203;160;167m▇[48;2;212;167;175m▇[48;2;239;190;199m▇[38;2;187;148;152;48;2;253;201;211m▇[38;2;185;146;150;48;2;250;199;210m▆[38;2;186;147;151;48;2;250;200;209m▅[38;2;189;148;154;48;2;252;201;210m▄[38;2;184;146;150;48;2;248;197;206m▂[38;2;206;164;170;48;2;252;201;210m▁[48;2;254;201;211m  [0m
 [38;2;0;0;0m           [38;2;29;30;31m▗[38;2;210;173;180;48;2;46;43;46m▗[38;2;119;103;106;48;2;242;195;204m▘[48;2;254;201;211m  [38;2;221;176;183;48;2;251;199;209m▁[38;2;192;152;158;48;2;250;199;208m▄[38;2;185;146;150;48;2;235;188;196m▆[38;2;183;144;148;48;2;184;145;149m┈[48;2;183;144;148m   [38;2;183;144;149;48;2;183;143;147m╴[38;2;167;105;115;48;2;183;144;148m▄[38;2;186;143;150;48;2;183;143;147m╴[48;2;183;144;148m  [38;2;182;141;145;48;2;169;115;122m▋[38;2;184;143;149;48;2;169;110;118m▝[38;2;169;127;133;48;2;183;144;148m▁[38;2;167;126;133;48;2;182;144;148m▁[38;2;185;143;150;48;2;183;144;148m▁ [38;2;171;111;122m▃[38;2;185;145;148;48;2;182;141;146m╴[38;2;184;144;149;48;2;182;145;148m▍[38;2;183;144;148;48;2;222;177;184m▆[38;2;188;149;154;48;2;248;197;206m▅[0m
 [38;2;0;0;0m         [0m [38;2;114;98;101m▁[38;2;239;193;202;48;2;72;64;68m▆[38;2;254;201;212;48;2;251;200;210m┊[48;2;254;201;211m [38;2;223;177;185;48;2;251;199;209m▁[38;2;193;153;158;48;2;244;195;204m▅[38;2;183;144;148;48;2;185;146;151m┈[38;2;183;145;149;48;2;183;143;147m┈[38;2;167;101;111;48;2;183;142;146m▅[38;2;171;115;121;48;2;182;142;146m▖[38;2;178;127;133m▁[38;2;173;117;127;48;2;183;144;148m▖[38;2;184;144;149m▏ [38;2;180;136;142;48;2;169;108;117m▌[38;2;174;124;131;48;2;165;100;108m▝[38;2;167;107;114;48;2;182;140;145m▖[48;2;183;144;148m [38;2;184;144;149m┊[38;2;127;71;76;48;2;170;111;118m▝[38;2;165;111;118;48;2;89;44;51m▅[38;2;174;123;130;48;2;90;46;54m▅[38;2;183;144;148;48;2;121;80;86m▄[48;2;183;144;148m [38;2;174;123;129m▝[38;2;177;127;134;48;2;168;105;114m▝[38;2;184;144;149;48;2;183;143;147m╴[48;2;183;144;148m  [0m
 [38;2;0;0;0m        [38;2;29;28;33m▗[38;2;217;179;186;48;2;41;39;40m▗[38;2;242;195;203;48;2;157;129;135m▇[38;2;253;202;211;48;2;254;201;211m▘▗[38;2;198;156;163;48;2;250;200;209m▗[38;2;187;147;152;48;2;211;167;174m▇[38;2;184;144;149;48;2;183;144;148m▁[38;2;183;144;148;48;2;184;144;149m▋[38;2;182;140;145;48;2;167;106;114m▌[38;2;166;99;107;48;2;166;104;111m┊[38;2;167;104;114;48;2;183;144;148m▎[38;2;183;141;146;48;2;165;99;110m▋[38;2;164;99;109;48;2;182;141;145m▍[38;2;182;145;149;48;2;183;144;148m▏  [38;2;178;127;133;48;2;166;104;112m▎[38;2;165;103;110;48;2;177;146;147m▝[38;2;155;101;108;48;2;178;130;136m▄[38;2;131;103;106;48;2;182;142;148m▄[38;2;134;96;100;48;2;169;117;125m▅[38;2;22;22;21;48;2;127;97;100m╺[38;2;60;55;54;48;2;151;100;106m▅[38;2;91;70;71;48;2;158;108;113m▃[38;2;136;89;95;48;2;179;142;147m▄[38;2;143;108;112;48;2;182;144;149m▃[38;2;181;139;145;48;2;166;104;113m▌[38;2;167;105;114;48;2;182;141;146m▍[38;2;184;144;149;48;2;183;144;148m▎ [0m
 [38;2;0;0;0m     [0m [38;2;121;134;143;48;2;26;26;29m▗[0m[38;2;109;120;130m▇[38;2;208;171;179;48;2;43;40;40m▗[38;2;252;201;212;48;2;245;195;205m┊[48;2;254;201;211m [38;2;254;202;211m▂[38;2;214;169;177;48;2;252;201;210m▗[38;2;184;143;149;48;2;187;147;152m╴[38;2;170;109;117;48;2;181;140;145m▅[38;2;172;118;125;48;2;183;143;147m▎[38;2;183;144;148;48;2;182;145;149m▉[38;2;182;139;144;48;2;164;100;109m▎[38;2;182;154;155;48;2;168;113;119m▋[38;2;166;104;114;48;2;182;139;145m▌[38;2;183;143;148;48;2;172;119;125m▊[38;2;181;137;142;48;2;167;104;113m▝[48;2;183;144;148m  [38;2;183;144;148;48;2;182;145;149m▊[38;2;183;143;148;48;2;166;104;112m▌[38;2;85;80;79;48;2;165;125;129m▝[38;2;47;40;39;48;2;150;129;129m▘[38;2;150;90;100;48;2;144;96;103m╴[38;2;151;104;111;48;2;176;128;136m▇[38;2;53;50;56;48;2;125;95;101m┢[38;2;173;173;173;48;2;52;52;52m▄[38;2;67;66;66;48;2;144;142;141m┻[38;2;69;67;68;48;2;156;129;130m▅[38;2;90;84;85;48;2;156;120;123m▖[38;2;177;155;156;48;2;145;95;102m▃[38;2;165;100;109;48;2;182;137;142m▋[38;2;182;145;149;48;2;183;144;148m▎ [0m
 [38;2;0;0;0m    [0m [7m[38;2;30;31;32m▋[0m[38;2;46;49;52;48;2;189;213;234m▌[38;2;163;182;199;48;2;41;41;43m▍[38;2;139;117;121;48;2;247;198;207m▎[48;2;254;201;211m  [38;2;254;201;211;48;2;253;202;211m╴[38;2;247;198;206;48;2;188;148;153m▍[38;2;183;144;149;48;2;187;142;150m▉[38;2;165;99;107;48;2;165;100;109m┊[38;2;132;86;92;48;2;174;123;129m▗[38;2;151;110;117;48;2;102;59;66m▚[38;2;106;59;65;48;2;163;103;111m▘[38;2;176;137;139;48;2;183;169;168m▏[38;2;105;84;84;48;2;169;116;124m▁[38;2;139;95;100;48;2;181;139;144m▂[38;2;165;99;108;48;2;178;139;144m▝[38;2;164;99;108;48;2;177;130;136m▖[38;2;182;145;148;48;2;182;144;148m┈[38;2;183;144;148;48;2;182;145;149m▋[38;2;182;137;144;48;2;164;99;109m▋[38;2;165;106;115;48;2;183;167;166m▍[38;2;166;158;156;48;2;40;39;39m▏[38;2;125;82;92;48;2;39;41;53m▝[38;2;45;46;59;48;2;150;93;102m▅[38;2;172;173;174;48;2;56;64;77m▝[38;2;92;114;134;48;2;181;181;181m▂[38;2;89;111;129;48;2;182;182;183m▂[38;2;183;183;183;48;2;73;79;89m▘[38;2;26;27;26;48;2;144;136;135m▊[38;2;183;169;168;48;2;188;163;161m▉[38;2;166;104;113;48;2;183;134;140m▉[38;2;184;144;148;48;2;183;144;148m▏ [0m
 [38;2;0;0;0m  [0m [38;2;121;102;107;48;2;33;33;38m▁[38;2;231;187;195;48;2;49;45;47m▄[38;2;220;180;187;48;2;36;35;33m▆[38;2;157;133;139;48;2;67;64;62m╸[38;2;45;44;44;48;2;218;182;190m▉[38;2;249;202;213;48;2;253;201;212m▎[48;2;254;201;211m  [38;2;254;201;211;48;2;253;203;212m▉[38;2;249;201;209;48;2;187;147;152m▎[38;2;183;144;148;48;2;187;144;151m▉[38;2;166;103;112;48;2;178;134;136m▉[38;2;139;81;88;48;2;176;135;138m▝[38;2;171;119;125;48;2;148;107;113m▇[38;2;177;139;142;48;2;152;97;105m▍[38;2;138;93;98;48;2;67;59;58m▍[38;2;123;116;116;48;2;39;35;34m▄[38;2;30;29;28;48;2;147;101;108m▃[38;2;52;48;49;48;2;183;150;156m▄[38;2;32;30;31;48;2;163;131;135m▂[38;2;166;104;113;48;2;171;124;130m┈[38;2;168;109;117;48;2;182;143;147m▄[38;2;181;158;159;48;2;170;113;121m▂[38;2;182;172;169;48;2;182;168;167m┊[38;2;22;23;25;48;2;148;140;139m▝[38;2;130;122;122;48;2;35;37;44m▁[38;2;82;104;123;48;2;47;57;65m┻[38;2;22;22;22;48;2;138;150;150m▂[38;2;34;36;32;48;2;162;170;161m▃[38;2;63;60;58;48;2;130;141;142m▄[38;2;166;145;143;48;2;43;47;52m▃[38;2;94;87;86;48;2;180;155;155m▘[38;2;182;163;161;48;2;183;162;162m▃[38;2;184;144;147;48;2;165;99;108m▎[38;2;173;124;130;48;2;183;144;148m▏ [0m
 [38;2;0;0;0m  [7m[38;2;31;30;31m▎[0m[38;2;99;85;86;48;2;234;190;198m▏[38;2;253;201;211;48;2;250;201;212m▉[38;2;209;173;180;48;2;53;47;47m▎[38;2;66;66;58;48;2;233;225;185m▍[38;2;198;194;161;48;2;53;51;48m▎[38;2;148;127;129;48;2;243;195;205m▏[38;2;254;201;212;48;2;254;201;211m▁  [38;2;249;199;208;48;2;198;157;163m▌[38;2;184;144;149;48;2;183;144;148m▖[38;2;182;139;144;48;2;167;105;114m▍[38;2;170;123;128;48;2;182;168;165m▍[38;2;57;54;52;48;2;173;145;146m▗[38;2;35;28;28;48;2;136;94;99m▖[38;2;74;48;52;48;2;147;98;106m▗[38;2;36;39;43;48;2;124;126;129m▉[38;2;180;181;181;48;2;106;106;105m▇[38;2;183;183;183;48;2;182;182;182m┈[38;2;144;145;148;48;2;40;44;51m▌[38;2;151;143;141;48;2;44;43;43m▝[38;2;184;171;169;48;2;182;170;167m┊[38;2;171;120;117;48;2;181;168;166m▁[38;2;164;104;102;48;2;182;169;167m▂[38;2;167;109;106m▄[38;2;173;140;136;48;2;182;167;165m╴[38;2;183;167;166;48;2;124;117;116m▇[38;2;183;162;163;48;2;75;70;68m▇[38;2;183;150;149;48;2;128;117;115m▇[38;2;184;146;146;48;2;183;159;158m▖[38;2;183;162;161;48;2;183;154;152m▉[38;2;182;145;145;48;2;182;151;151m▉[38;2;182;159;157;48;2;183;163;162m▏[38;2;183;155;155;48;2;164;102;109m▍[38;2;167;109;116;48;2;183;144;148m▎ [0m
 [38;2;0;0;0m  [38;2;31;31;33m▝[38;2;31;32;32;48;2;136;112;117m╴[38;2;124;103;107;48;2;248;198;209m▁[38;2;224;185;193;48;2;69;61;63m▎[0m[7m[38;2;46;46;45m╴[38;2;101;98;85m▁[0m[38;2;220;180;189;48;2;43;39;41m▝[38;2;161;131;137;48;2;251;201;211m▖[38;2;252;201;210;48;2;254;201;211m▁ [38;2;254;202;211;48;2;252;201;210m┈[38;2;243;194;203;48;2;190;149;154m▖[38;2;184;144;148;48;2;182;141;146m┊[38;2;112;70;77;48;2;172;122;128m▗[38;2;177;164;163;48;2;76;70;69m▘[38;2;39;36;35;48;2;158;147;146m▍[38;2;24;21;20;48;2;28;29;31m╴[38;2;35;41;57;48;2;35;41;55m╷[38;2;69;85;101;48;2;163;164;165m▆[38;2;80;105;128;48;2;157;163;163m━[38;2;135;144;140;48;2;56;70;82m▖[38;2;168;152;151;48;2;51;48;49m▗[38;2;184;169;168;48;2;183;165;163m┊[38;2;182;171;169;48;2;170;136;134m╴[38;2;42;41;41;48;2;171;140;137m▂[38;2;51;49;48;48;2;181;164;161m▄[38;2;82;67;72;48;2;182;171;169m▅[38;2;24;22;22;48;2;150;127;132m━[38;2;24;22;21;48;2;155;126;132m━[38;2;24;22;22;48;2;152;122;128m━[38;2;30;27;25;48;2;138;113;117m╾[38;2;40;35;36;48;2;172;153;152m▃[38;2;98;90;90;48;2;178;155;154m▁[38;2;59;52;53;48;2;178;158;158m▁[38;2;87;57;60;48;2;165;124;128m▂[38;2;165;103;113;48;2;184;143;147m▍[38;2;183;144;149;48;2;183;144;148m▏[0m
 [38;2;0;0;0m   [0m [7m[38;2;30;30;31m▅[38;2;60;55;56m▅[38;2;30;30;32m▄[0m[38;2;13;15;24m [0m [7m[38;2;47;43;45m▄[38;2;144;119;124m▃[0m[38;2;35;34;33;48;2;231;185;195m▃[38;2;62;55;55;48;2;248;197;208m▂[38;2;253;202;211;48;2;239;192;201m┈[38;2;250;200;209;48;2;196;156;161m▖[38;2;149;120;124;48;2;35;31;31m▍[38;2;88;80;79;48;2;177;158;158m▘[38;2;182;147;148;48;2;183;163;162m▄[38;2;163;146;144;48;2;57;55;55m▄[38;2;142;130;129;48;2;33;37;44m▂[38;2;75;68;69;48;2;112;131;143m▅[38;2;28;28;28;48;2;136;129;124m━[38;2;172;148;148;48;2;54;47;47m▅[38;2;117;95;95;48;2;173;146;145m▁[38;2;65;55;57;48;2;167;151;148m▅[38;2;164;117;133;48;2;53;46;47m▄[38;2;180;141;154;48;2;69;62;64m▆[38;2;183;170;175;48;2;181;166;171m╴[38;2;124;76;92;48;2;184;128;147m▄[38;2;109;58;75;48;2;161;107;126m╼[38;2;106;58;73;48;2;167;113;132m━[38;2;110;62;78;48;2;165;112;130m━[38;2;133;82;99;48;2;173;119;138m▝[38;2;177;123;141;48;2;98;60;73m▄[38;2;175;120;139;48;2;45;36;38m▄[38;2;173;129;144;48;2;28;27;27m▆[38;2;176;125;138;48;2;102;75;78m▇[38;2;165;100;109;48;2;182;139;144m▌[38;2;182;145;148;48;2;183;144;148m▏[0m
 [38;2;0;0;0m           [0m [7m[38;2;30;30;32m▋[0m[38;2;77;68;69;48;2;234;190;198m▋[38;2;252;202;211;48;2;207;162;170m▉[38;2;145;115;120;48;2;44;39;39m▍[38;2;60;53;53;48;2;169;150;151m▖[38;2;184;143;144;48;2;182;156;154m▝[38;2;183;161;160;48;2;182;146;146m▝[38;2;185;161;161;48;2;183;162;162m▏[38;2;183;161;159;48;2;183;148;147m▖[38;2;183;147;147;48;2;183;160;158m▖[38;2;96;87;88;48;2;180;161;161m▗[38;2;118;92;99;48;2;32;28;28m▚[38;2;125;74;90;48;2;162;113;130m▂[38;2;126;76;93;48;2;175;120;139m▅[38;2;115;69;84;48;2;171;137;148m┛[38;2;184;170;175;48;2;182;170;175m▎[38;2;183;163;171;48;2;183;131;149m▎[48;2;184;128;147m       [38;2;115;65;79;48;2;177;120;138m▗[38;2;165;99;109;48;2;182;137;142m▊[38;2;183;146;148;48;2;183;144;148m▏[0m
 [38;2;0;0;0m           [0m [38;2;164;138;143;48;2;36;35;35m▗[38;2;252;202;212;48;2;247;197;207m┈[38;2;247;197;206;48;2;196;154;161m▌[38;2;183;144;148;48;2;181;143;147m╴[38;2;177;140;145;48;2;57;49;51m▅[38;2;178;141;148;48;2;77;69;68m▃[38;2;23;22;22;48;2;150;129;129m━[38;2;76;65;66;48;2;182;162;161m▅[38;2;45;37;38;48;2;179;161;161m▅[38;2;23;22;22;48;2;141;114;116m━[38;2;31;27;28;48;2;113;103;102m▆[38;2;150;109;123;48;2;75;50;58m▂[38;2;178;123;142;48;2;124;74;90m▅[38;2;185;128;147;48;2;183;127;146m┊[38;2;183;129;147;48;2;186;166;173m▋[38;2;185;169;175;48;2;181;170;175m▎[38;2;183;168;173;48;2;182;138;153m▋[38;2;185;127;147;48;2;184;128;147m╴      [38;2;181;126;145;48;2;159;105;123m▇[38;2;156;101;120;48;2;165;102;112m▏[38;2;175;121;128;48;2;183;143;147m▏[0m
 [38;2;0;0;0m           [7m[38;2;31;31;32m▌[0m[38;2;86;75;77;48;2;237;191;201m▍[38;2;254;202;211;48;2;250;200;209m┊[38;2;216;171;178;48;2;186;146;151m▏[48;2;183;144;148m  [38;2;183;144;148;48;2;183;144;150m▇[48;2;184;144;149m▇[38;2;182;144;149;48;2;63;52;54m▊[38;2;127;85;93;48;2;26;24;25m▝[38;2;164;142;149;48;2;62;52;53m▗[38;2;159;117;132;48;2;77;68;72m▇[38;2;160;105;123;48;2;178;123;142m▏[48;2;184;128;147m  [38;2;183;131;148;48;2;185;169;174m▊[38;2;183;169;175;48;2;182;170;175m╹[38;2;183;170;175;48;2;182;169;174m╴[38;2;185;152;164;48;2;184;130;148m▏[48;2;184;128;147m       [38;2;183;125;142;48;2;168;102;114m▋[38;2;167;105;114;48;2;181;140;145m▌[0m
 [38;2;0;0;0m          [0m [38;2;31;31;33;48;2;121;102;106m▊[38;2;254;201;211;48;2;250;200;210m┊[38;2;251;200;210;48;2;198;156;163m▋[38;2;183;145;149;48;2;183;144;148m▏    [38;2;182;143;149;48;2;48;43;44m▊[38;2;32;29;31;48;2;153;129;137m▋[38;2;178;150;160;48;2;184;128;147m▘[38;2;168;114;132;48;2;111;63;78m▎[38;2;138;85;103;48;2;180;125;144m▏[48;2;184;128;147m  [38;2;183;128;147;48;2;184;160;168m▊[38;2;183;170;175;48;2;181;170;175m▘ [38;2;184;166;173;48;2;183;135;151m▌[48;2;184;128;147m       [38;2;184;128;147;48;2;184;127;145m╴[38;2;176;115;130;48;2;169;106;115m▏[0m
[?25h