[?25l[0m[7m[38;2;237;181;68m [0m[38;2;0;0;0;48;2;237;181;68m            [38;2;238;181;69;48;2;234;179;68m┊[38;2;183;142;68;48;2;237;181;68m▁[38;2;191;152;67m▁[38;2;183;144;70m▁[38;2;237;181;68;48;2;233;179;68m┈[38;2;177;140;67;48;2;237;181;68m▁[38;2;203;160;71m▁[38;2;182;144;70m▁[38;2;179;141;65m▁[38;2;193;152;70m▁[38;2;200;156;68m▁[38;2;190;151;70m▁[38;2;180;143;70m▁[38;2;237;181;69;48;2;235;180;68m┊[48;2;237;181;68m             [0m
[7m[38;2;237;181;68m [0m[38;2;0;0;0;48;2;237;181;68m [38;2;233;182;72m▁[38;2;234;182;72m▁▁[38;2;234;182;71m▁[38;2;232;182;72m▁[38;2;233;183;72m▁[38;2;235;181;72m▁[38;2;235;182;71m▁▁▁[38;2;233;182;73m▁[38;2;237;181;68;48;2;231;177;68m┈[38;2;232;179;69;48;2;150;122;68m▇[38;2;234;179;69;48;2;171;137;73m▇[38;2;233;179;69;48;2;160;128;71m▇[38;2;237;181;68;48;2;228;176;68m┈[38;2;233;179;69;48;2;148;116;60m▇[38;2;238;181;68;48;2;227;175;69m┈[38;2;232;180;69;48;2;149;117;65m▇[38;2;232;179;69;48;2;162;133;71m▇[38;2;233;180;69;48;2;164;130;63m▇[38;2;234;180;69;48;2;185;145;69m▇[38;2;237;181;68;48;2;224;173;70m╴[38;2;233;179;69;48;2;133;107;63m▇[38;2;237;181;68;48;2;232;178;68m┈[38;2;233;183;72;48;2;237;181;68m▁[38;2;235;182;72m▁[38;2;235;182;73m▁▁[38;2;234;182;72m▁▁[38;2;235;183;73m▁[38;2;234;182;73m▁[38;2;233;182;72m▁[38;2;233;183;72m▁[38;2;233;182;72m▁[38;2;236;181;68m▁ [0m
[7m[38;2;237;181;68m [0m[38;2;237;181;68;48;2;222;193;102m▉[38;2;178;197;187;48;2;231;233;222m▂[38;2;184;205;194;48;2;234;236;228m▃[38;2;174;196;187;48;2;232;236;228m▃[38;2;177;198;190;48;2;233;237;229m▃[38;2;172;195;185;48;2;232;238;227m▃[38;2;159;185;180;48;2;230;236;224m▄[38;2;149;178;174;48;2;221;230;218m▄[38;2;150;177;174;48;2;213;221;207m▄[38;2;152;178;174;48;2;213;222;208m▄[38;2;152;179;176;48;2;226;237;227m▃[38;2;167;189;183;48;2;229;239;230m▂[38;2;169;190;184;48;2;227;238;229m▁[38;2;225;241;235;48;2;235;229;203m▇[38;2;223;242;236;48;2;233;231;202m▇[38;2;220;242;235;48;2;229;231;202m▇[38;2;217;240;234;48;2;226;229;201m▇[38;2;213;238;232;48;2;220;225;197m▇[38;2;213;237;230;48;2;219;224;196m▇[38;2;207;218;187;48;2;219;232;206m╶[38;2;206;231;221;48;2;223;224;176m▆[38;2;205;233;228;48;2;213;217;179m▇[38;2;204;234;228;48;2;213;221;193m▇[38;2;205;233;228;48;2;211;218;191m▇[38;2;207;234;228;48;2;208;216;190m▇[38;2;209;235;229;48;2;206;215;190m▇[38;2;208;234;229;48;2;208;217;189m▇[38;2;207;233;228;48;2;206;216;187m▇[38;2;202;229;226;48;2;206;214;188m▇[38;2;203;228;225;48;2;209;214;186m▇[38;2;199;225;221;48;2;204;212;182m▇[38;2;201;225;222;48;2;189;212;201m▅[38;2;195;220;217;48;2;195;204;176m▇[38;2;191;216;213;48;2;191;200;174m▇[38;2;191;214;211;48;2;187;195;168m▇[38;2;183;207;205;48;2;189;196;168m▇[38;2;184;205;199;48;2;188;190;159m▇[38;2;220;185;101;48;2;236;181;68m▏[48;2;237;181;68m [0m
[7m[38;2;237;181;68m [0m[38;2;237;181;68;48;2;213;186;96m▉[38;2;154;184;179;48;2;174;196;182m▄[38;2;150;183;182;48;2;168;193;184m▃[38;2;150;183;181;48;2;162;189;183m▃[38;2;153;184;180;48;2;164;190;182m▆[38;2;149;182;177;48;2;155;184;178m▆[38;2;147;180;174;48;2;141;177;176m▂[38;2;151;183;174;48;2;140;175;174m▄[38;2;144;177;173;48;2;152;181;172m▂[38;2;138;173;173;48;2;149;178;171m▂[38;2;135;171;172;48;2;144;174;170m▄[38;2;139;172;170;48;2;147;174;168m▄[38;2;143;173;168;48;2;150;176;173m▇[38;2;141;172;168;48;2;188;208;203m▇[38;2;147;177;173;48;2;210;229;224m▅[38;2;150;176;172;48;2;219;237;231m▃[38;2;202;207;193;48;2;216;228;216m┌[38;2;230;233;186;48;2;227;241;231m▃[38;2;230;231;183;48;2;220;236;228m▅[38;2;229;229;178;48;2;224;226;186m┈[38;2;228;225;169;48;2;219;225;203m▆[38;2;227;223;165;48;2;207;215;201m▇[38;2;222;217;159;48;2;211;223;214m▇[38;2;212;209;155;48;2;224;242;236m▇[38;2;213;207;154;48;2;220;240;234m▆[38;2;202;197;146;48;2;215;225;201m┒[38;2;191;194;167;48;2;216;235;227m▁[38;2;215;234;225;48;2;217;238;232m▂[38;2;203;206;162;48;2;213;234;229m▁[38;2;203;194;138;48;2;210;232;228m▂[38;2;183;186;159;48;2;210;233;228m▂[38;2;205;230;224;48;2;208;230;225m▂[38;2;200;224;220;48;2;206;227;222m▃[38;2;197;219;214;48;2;204;224;219m▄[38;2;189;206;202;48;2;198;219;214m╼[38;2;200;217;210;48;2;187;206;203m▂[38;2;181;200;196;48;2;191;195;172m▉[38;2;219;185;103;48;2;236;181;68m▏[48;2;237;181;68m [0m
[7m[38;2;237;181;68m [0m[38;2;237;181;69;48;2;214;188;96m▉[38;2;198;211;198;48;2;164;190;184m▃[38;2;197;214;205;48;2;153;187;185m▃[38;2;185;206;199;48;2;152;185;180m▃[38;2;180;205;200;48;2;145;178;172m▃[38;2;174;199;196;48;2;141;174;170m▃[38;2;170;194;189;48;2;149;180;174m▄[38;2;168;192;186;48;2;150;178;171m╸[38;2;167;189;182;48;2;141;173;170m▁[38;2;154;178;175;48;2;135;170;168m▃[38;2;171;190;183;48;2;137;173;169m▆[38;2;174;189;183;48;2;151;175;171m▖[38;2;149;169;167;48;2;137;166;165m▃[38;2;143;163;162;48;2;132;163;162m▃[38;2;135;158;157;48;2;145;169;166m╴[38;2;164;185;176;48;2;209;216;189m▘[38;2;182;175;147;48;2;221;224;184m▗[38;2;192;189;149;48;2;222;221;171m▏[38;2;206;202;150;48;2;221;216;160m╷[38;2;234;230;187;48;2;226;219;159m╺[38;2;226;219;157;48;2;224;217;159m▊[38;2;219;211;149;48;2;222;214;152m┊[38;2;226;218;152;48;2;224;216;154m┈[38;2;232;226;182m╾[38;2;221;212;151;48;2;188;178;125m▇[38;2;189;173;117;48;2;208;198;140m▁[38;2;188;174;118;48;2;207;202;150m┭[38;2;206;210;170;48;2;212;210;158m╹[38;2;220;213;150;48;2;210;202;144m▆[38;2;201;193;134;48;2;217;209;148m╷[38;2;174;160;114;48;2;217;207;144m▝[38;2;178;176;148;48;2;206;224;215m▖[38;2;213;234;226;48;2;202;221;214m▃[38;2;213;233;226;48;2;199;219;214m▃[38;2;209;229;223;48;2;197;217;211m▃[38;2;202;222;216;48;2;188;206;203m▅[38;2;190;208;204;48;2;201;204;181m▉[38;2;221;187;105;48;2;237;181;68m▏ [0m
[7m[38;2;237;181;68m [0m[38;2;237;181;69;48;2;214;190;98m▉[38;2;162;187;173;48;2;193;212;202m╾[38;2;202;225;218;48;2;178;202;192m▂[38;2;201;225;217;48;2;158;187;180m▂[38;2;198;221;216;48;2;156;184;178m▂[38;2;199;222;217;48;2;156;185;179m▂[38;2;194;219;215;48;2;149;179;172m▂[38;2;144;174;162;48;2;180;203;194m╾[38;2;194;217;213;48;2;159;186;183m▂[38;2;191;215;212;48;2;146;178;179m▂[38;2;181;202;198;48;2;146;173;175m▄[38;2;180;200;198;48;2;149;169;166m▄[38;2;179;199;196;48;2;150;169;167m▄[38;2;178;198;194;48;2;144;166;162m▄[38;2;181;206;202;48;2;151;170;163m▂[38;2;193;198;175;48;2;218;219;181m▁[38;2;176;170;144;48;2;216;214;183m┃[38;2;191;188;141;48;2;214;213;174m╶[38;2;178;174;140;48;2;210;207;169m▍[38;2;207;205;169;48;2;218;211;151m▂[38;2;198;189;128;48;2;219;212;150m╶[38;2;201;189;132;48;2;220;212;149m▁[38;2;210;199;139;48;2;215;204;142m╵[38;2;183;166;109;48;2;204;191;131m┒[38;2;197;183;125;48;2;203;191;132m╱[38;2;175;157;101;48;2;188;173;117m╴[38;2;158;136;83;48;2;192;178;119m▗[38;2;172;149;89;48;2;208;198;137m▖[38;2;204;197;137;48;2;205;198;139m┈[38;2;217;209;145;48;2;212;204;140m┊[38;2;187;170;113;48;2;212;201;138m▖[38;2;201;215;207;48;2;170;162;122m▝[38;2;131;147;144;48;2;186;201;195m─[38;2;115;134;134;48;2;178;194;189m─[38;2;136;152;148;48;2;191;208;201m▄[38;2;126;143;141;48;2;179;195;188m━[38;2;132;146;140;48;2;191;207;199m▅[38;2;216;181;97;48;2;237;181;68m▏ [0m
[7m[38;2;237;181;68m [0m[38;2;237;181;68;48;2;214;191;102m▉[38;2;205;226;220;48;2;178;204;199m▃[38;2;194;222;218;48;2;170;201;200m▃[38;2;187;216;215;48;2;159;191;191m▄[38;2;185;216;215;48;2;164;197;197m▄[38;2;183;215;213;48;2;165;198;198m▄[38;2;183;215;214;48;2;159;193;193m▄[38;2;183;217;214;48;2;166;198;197m▃[38;2;179;213;212;48;2;156;191;191m▄[38;2;178;212;211;48;2;147;186;188m▃[38;2;184;214;213;48;2;148;185;188m▃[38;2;186;217;215;48;2;152;186;188m▃[38;2;168;205;204;48;2;145;179;181m▄[38;2;172;209;208;48;2;148;182;184m▃[38;2;187;219;217;48;2;168;197;194m▃[38;2;136;167;161;48;2;174;205;203m▘[38;2;113;133;128;48;2;188;196;182m╴[38;2;231;234;220;48;2;208;211;197m╴[38;2;138;142;133;48;2;197;197;176m▃[38;2;147;150;140;48;2;219;222;208m▂[38;2;230;233;219;48;2;210;204;159m▆[38;2;221;224;210;48;2;184;175;131m▃[38;2;150;135;95;48;2;205;193;134m▃[38;2;201;190;130;48;2;210;199;137m╱[38;2;202;188;128;48;2;163;143;92m▖[38;2;150;125;78;48;2;176;157;101m▃[38;2;151;125;76;48;2;175;151;97m▇[38;2;143;162;150;48;2;146;125;78m▗[38;2;146;128;89;48;2;192;179;121m▖[38;2;189;179;122;48;2;207;197;136m▌[38;2;208;197;134;48;2;186;168;108m▋[38;2;212;197;134;48;2;178;163;114m▘[38;2;206;215;207;48;2;198;215;207m╴[38;2;199;209;196;48;2;204;221;213m━[38;2;192;200;188;48;2;204;217;209m━[38;2;187;197;182;48;2;198;209;198m━[38;2;195;205;193;48;2;206;204;165m▉[38;2;224;187;100;48;2;236;181;68m▏[48;2;237;181;68m [0m
[7m[38;2;237;181;68m [0m[38;2;237;181;68;48;2;215;192;107m▉[38;2;213;221;193;48;2;197;226;222m▏[38;2;219;237;233;48;2;193;224;222m╾[38;2;207;230;228;48;2;186;221;219m─[38;2;181;219;217;48;2;199;228;223m▇[38;2;174;215;214;48;2;187;219;218m▄[38;2;171;213;213;48;2;189;222;219m▄[38;2;171;211;212;48;2;182;219;218m━[38;2;180;218;217;48;2;191;221;221m▆[38;2;178;218;217;48;2;192;223;220m▄[38;2;178;217;216;48;2;199;226;222m▅[38;2;171;213;214;48;2;200;227;223m▆[38;2;169;213;213;48;2;186;219;218m▇[38;2;167;211;213;48;2;185;220;219m▆[38;2;167;211;212;48;2;184;219;218m▆[38;2;202;220;213;48;2;176;213;214m▂[38;2;171;203;199;48;2;216;228;218m┙[38;2;231;237;222;48;2;233;236;222m▏[38;2;114;83;79;48;2;209;209;196m╹[38;2;150;152;142;48;2;226;232;220m▝[38;2;232;236;222;48;2;228;232;218m┊[38;2;231;235;221;48;2;231;234;220m┈[38;2;220;218;204;48;2;167;156;126m▆[38;2;162;152;124;48;2;197;186;151m╲[38;2;153;138;96;48;2;196;182;126m▗[38;2;193;176;114;48;2;151;128;81m▅[38;2;167;163;121;48;2;149;129;83m▂[38;2;151;168;151;48;2;170;209;208m▏[38;2;147;144;116;48;2;175;212;212m▝[38;2;144;170;164;48;2;164;148;99m▖[38;2;172;157;104;48;2;213;204;139m▖[38;2;214;202;136;48;2;183;163;104m▖[38;2;183;198;188;48;2;152;138;101m▝[38;2;148;127;84;48;2;185;196;183m▂[38;2;151;163;146;48;2;187;197;184m▁[38;2;170;178;165;48;2;200;209;195m▃[38;2;171;177;160;48;2;201;208;192m▂[38;2;223;186;98;48;2;236;181;68m▏[48;2;237;181;68m [0m
[7m[38;2;237;181;68m [0m[38;2;237;181;68;48;2;216;194;108m▉[38;2;188;222;217;48;2;212;235;227m▄[38;2;180;220;217;48;2;208;234;230m▅[38;2;178;218;216;48;2;202;232;227m▅[38;2;177;218;216;48;2;193;228;224m▅[38;2;191;225;224;48;2;178;218;217m▂[38;2;198;226;223;48;2;175;217;216m▂[38;2;185;217;216;48;2;171;215;214m▃[38;2;179;215;216;48;2;165;210;213m▃[38;2;158;203;207;48;2;168;211;213m┉[38;2;159;201;205;48;2;172;214;215m╸[38;2;169;212;214;48;2;175;216;217m╹[38;2;167;209;213;48;2;172;215;216m╹[38;2;168;211;215m╵[38;2;168;213;215;48;2;192;225;222m▆[38;2;172;212;214;48;2;182;205;200m▊[38;2;205;220;212;48;2;228;233;220m▁[38;2;226;230;216;48;2;229;233;219m┌[38;2;231;235;221;48;2;232;236;222m┈[38;2;234;236;223;48;2;232;235;221m╴[38;2;219;210;195;48;2;231;233;219m▃[38;2;224;221;205;48;2;213;202;187m▘[38;2;105;101;92;48;2;192;181;166m━[38;2;146;150;125;48;2;196;189;175m▅[38;2;164;190;171;48;2;164;150;99m▄[38;2;162;205;205;48;2;151;135;92m▆[38;2;167;211;209;48;2;191;183;130m▅[38;2;161;165;133;48;2;174;198;184m┳[38;2;149;186;180;48;2;166;207;208m╸[38;2;152;200;204;48;2;166;210;213m╴[38;2;156;195;193;48;2;166;162;121m▅[38;2;174;177;137;48;2;215;203;134m▖[38;2;139;113;68;48;2;192;176;114m▝[38;2;150;124;77;48;2;148;118;68m▁[38;2;146;118;68;48;2;141;116;69m╴[38;2;123;102;64;48;2;154;166;153m▆[38;2;121;103;72;48;2;165;168;150m▄[38;2;216;179;86;48;2;237;181;68m▏ [0m
[7m[38;2;237;181;68m [0m[38;2;237;181;68;48;2;212;192;110m▉[38;2;200;216;191;48;2;183;222;220m▏[38;2;177;216;216;48;2;188;225;222m▃[38;2;168;208;209;48;2;187;224;220m▃[38;2;179;216;215;48;2;200;230;227m▄[38;2;193;226;222;48;2;181;219;217m▘[38;2;180;220;219;48;2;158;197;201m▆[38;2;176;218;217;48;2;149;190;196m▇[38;2;174;217;217;48;2;166;210;212m▇[38;2;169;213;215;48;2;175;219;219m━[38;2;193;228;225;48;2;172;216;216m▂[38;2;187;222;222;48;2;170;215;216m▂[38;2;185;220;221;48;2;167;211;213m▂[38;2;197;227;224;48;2;172;215;215m▃[38;2;226;240;237;48;2;176;216;216m▃[38;2;230;240;239m▄[38;2;184;217;215;48;2;224;231;227m▘[38;2;199;213;210;48;2;230;233;222m▗[38;2;147;185;191;48;2;225;225;212m▃[38;2;151;183;184;48;2;210;205;190m▖[38;2;208;196;182;48;2;214;202;187m▄[38;2;210;196;182;48;2;202;189;176m▘[38;2;197;182;170;48;2;151;151;141m▉[38;2;150;177;177;48;2;170;211;211m▁[38;2;164;186;172;48;2;171;214;214m╹[38;2;186;223;223;48;2;176;218;219m▝[38;2;144;192;200;48;2;191;225;223m▂[38;2;130;157;144;48;2;151;197;204m╹[38;2;144;194;203;48;2;154;202;208m━[38;2;161;209;215;48;2;154;203;209m▝[38;2;149;198;208;48;2;165;212;216m▃[38;2;168;207;206;48;2;174;194;169m▇[38;2;174;167;122;48;2;195;196;150m▗[38;2;158;135;83;48;2;204;190;124m▝[38;2;196;180;118;48;2;151;124;73m▂[38;2;128;103;61;48;2;140;113;66m▝[38;2;122;98;59;48;2;133;114;84m▇[38;2;212;173;77;48;2;237;181;68m▏ [0m
[7m[38;2;237;181;68m [0m[38;2;237;181;68;48;2;210;191;112m▉[38;2;193;209;190;48;2;172;215;215m▏[38;2;176;218;217;48;2;168;211;214m▄[38;2;175;218;217;48;2;170;214;215m▄[38;2;173;215;215;48;2;177;219;217m▅[38;2;171;214;215;48;2;175;218;218m╼[38;2;163;208;213;48;2;175;218;217m─[38;2;164;208;212;48;2;176;219;218m─[38;2;199;230;228;48;2;173;217;217m▂[38;2;211;236;233;48;2;177;219;217m▂[38;2;238;243;244;48;2;175;218;217m▂[38;2;240;243;243;48;2;174;217;217m▂[38;2;222;239;236;48;2;175;217;217m▃[38;2;226;239;238;48;2;186;218;220m┻[38;2;144;187;195;48;2;192;222;221m▃[38;2;228;237;238;48;2;162;202;207m━[38;2;152;169;168;48;2;182;216;216m▗[38;2;111;77;74;48;2;162;202;205m▁[38;2;134;129;126;48;2;164;208;210m▁[38;2;213;234;231;48;2;185;214;211m┈[38;2;218;238;234;48;2;198;190;179m▅[38;2;217;237;232;48;2;189;180;171m▆[38;2;216;237;232;48;2;177;171;163m▇[38;2;196;222;219;48;2;160;194;195m▍[38;2;117;153;155;48;2;150;189;192m╲[38;2;140;189;199;48;2;154;203;208m┛[38;2;156;206;211;48;2;142;192;202m▅[38;2;155;206;211;48;2;146;197;204m▄[48;2;147;197;203m▅[38;2;167;213;217;48;2;162;209;212m━[38;2;183;220;220;48;2;159;207;213m▄[38;2;204;229;227;48;2;157;204;210m▄[38;2;203;229;228;48;2;174;212;214m╼[38;2;166;202;203;48;2;162;153;113m▅[38;2;173;205;201;48;2;166;150;101m▂[38;2;144;123;80;48;2;185;169;110m▅[38;2;169;153;103;48;2;140;116;69m╸[38;2;215;173;77;48;2;237;181;68m▏ [0m
[7m[38;2;237;181;68m [0m[38;2;237;181;68;48;2;211;192;111m▉[38;2;215;236;229;48;2;178;217;213m▁[38;2;219;239;235;48;2;180;220;219m▁[38;2;184;221;219;48;2;196;229;225m▄[38;2;209;233;231;48;2;190;225;223m┉[38;2;172;213;213;48;2;189;225;222m┮[38;2;172;213;214;48;2;191;225;222m┷[38;2;203;230;228;48;2;178;217;217m╼[38;2;158;200;205;48;2;202;230;227m▄[38;2;154;198;203;48;2;198;225;223m▅[38;2;161;204;208;48;2;219;236;233m▆[38;2;158;204;207;48;2;222;236;234m▆[38;2;157;203;207;48;2;201;228;227m▇[38;2;148;195;204;48;2;159;205;208m▃[38;2;164;213;215;48;2;156;203;208m▁[38;2;150;197;204;48;2;161;208;213m╼[38;2;168;144;136;48;2;178;197;193m▗[38;2;204;179;168;48;2;141;94;88m▘[38;2;115;81;80;48;2;142;166;167m▋[38;2;162;194;196;48;2;202;225;221m▘[38;2;217;239;235;48;2;212;234;230m┈[38;2;206;228;224;48;2;208;231;227m╵[38;2;200;225;223;48;2;189;211;211m▆[38;2;183;211;210;48;2;162;194;196m▌[38;2;160;192;197;48;2;142;176;182m╸[38;2;156;207;212;48;2;139;178;183m▝[38;2;160;211;215;48;2;156;207;211m┈[38;2;169;217;218;48;2;155;206;210m━[38;2;181;221;220;48;2;154;205;209m━[38;2;194;228;225;48;2;158;206;210m─[38;2;153;200;206;48;2;183;219;219m▂[38;2;207;230;229;48;2;161;202;208m▄[38;2;194;225;223;48;2;157;201;208m╶[38;2;130;180;191;48;2;169;208;212m▃[38;2;140;189;199;48;2;162;206;211m▖[38;2;180;218;219;48;2;165;196;193m▇[38;2;169;207;207;48;2;126;112;79m▇[38;2;212;185;101;48;2;237;181;68m▏ [0m
[7m[38;2;237;181;68m [0m[38;2;237;181;68;48;2;218;193;105m▉[38;2;180;214;213;48;2;221;234;231m▂[38;2;167;210;211;48;2;219;237;235m▂[38;2;174;217;216;48;2;203;230;226m▃[38;2;172;216;217;48;2;210;234;231m▅[38;2;174;218;218;48;2;200;229;225m▅[38;2;175;220;219;48;2;195;225;224m▅[38;2;188;223;222;48;2;174;218;217m▘[38;2;166;211;214;48;2;172;217;217m▁[38;2;172;217;218;48;2;170;215;216m╴[38;2;172;217;219;48;2;166;213;215m▖[38;2;163;209;212;48;2;166;214;217m▄[38;2;161;208;210m▄[38;2;159;206;209m▄[38;2;150;113;106;48;2;157;184;183m▗[38;2;144;97;90;48;2;160;174;169m▆[38;2;125;82;77;48;2;168;131;124m▇[38;2;161;176;177;48;2;107;71;73m▗[38;2;199;221;219;48;2;141;150;151m▇[48;2;218;239;234m [38;2;209;233;230;48;2;217;239;234m▁[38;2;186;215;214;48;2;215;237;233m▁[38;2;166;198;200;48;2;210;233;230m▄[38;2;177;207;208;48;2;145;179;185m▘[38;2;142;175;184;48;2;139;173;181m╴[38;2;127;160;167;48;2;132;166;173m╶[38;2;121;155;162;48;2;151;197;203m▎[38;2;148;197;206;48;2;156;207;212m▂[38;2;152;204;210;48;2;147;198;206m▇[38;2;154;205;211;48;2;140;193;202m▆[38;2;163;213;215;48;2;144;197;204m▂[38;2;163;213;216;48;2;152;204;209m▁[38;2;168;211;214;48;2;150;203;207m╺[38;2;186;222;223;48;2;154;204;208m╾[38;2;194;227;226;48;2;148;199;205m▖[38;2;141;192;199;48;2;146;198;204m┳[38;2;147;196;199;48;2;129;180;190m▆[38;2;209;186;106;48;2;236;181;68m▏[48;2;237;181;68m [0m
[7m[38;2;237;181;68m [0m[38;2;236;181;68;48;2;214;188;109m▉[38;2;172;214;211;48;2;156;200;200m▆[38;2;172;217;217;48;2;163;206;211m▇[38;2;172;218;217;48;2;166;211;213m▆[38;2;182;223;222;48;2;169;213;214m━[38;2;173;218;218;48;2;168;214;215m▚[38;2;166;209;212;48;2;171;216;217m▁[38;2;178;221;219;48;2;164;208;211m━[38;2;176;217;217;48;2;162;207;211m┯[38;2;177;216;217;48;2;172;213;215m╸[38;2;235;242;241;48;2;182;220;220m▁[38;2;229;242;239;48;2;186;221;221m▁[48;2;175;215;217m▁[38;2;167;210;216;48;2;196;227;226m╸[38;2;167;181;179;48;2;195;215;212m╵[38;2;204;183;174;48;2;138;92;86m▎[38;2;185;195;192;48;2;120;91;92m▄[38;2;206;228;225;48;2;200;220;217m┊[38;2;218;239;234;48;2;216;237;233m┊[38;2;217;239;234;48;2;218;239;234m▂[38;2;210;234;231;48;2;169;200;199m▌[38;2;141;177;179;48;2;153;188;190m┈[38;2;148;186;189;48;2;144;180;184m▘[38;2;120;150;156;48;2;139;174;182m▎[38;2;125;158;164;48;2;131;165;172m╶[38;2;130;164;173;48;2;110;141;147m▉[38;2;120;151;158;48;2;146;190;195m▌[38;2;160;202;207;48;2;170;215;216m┻[38;2;176;219;219;48;2;158;208;212m▄[38;2;147;202;209;48;2;164;210;214m━[38;2;140;193;202;48;2;154;204;209m▝[38;2;150;203;208;48;2;143;195;203m━[38;2;178;217;221;48;2;148;200;206m╶[38;2;233;243;240;48;2;177;214;217m╼[38;2;132;181;195;48;2;235;241;241m▂[38;2;180;209;216;48;2;136;186;197m▏[38;2;145;200;206;48;2;169;193;178m▉[38;2;212;185;107;48;2;236;181;68m▏[48;2;237;181;68m [0m
[7m[38;2;237;181;68m [0m[38;2;237;181;68;48;2;209;190;108m▉[38;2;191;224;220;48;2;165;207;206m▁[38;2;168;213;214;48;2;170;216;217m▎[38;2;182;222;223;48;2;170;215;216m╶[38;2;185;225;223;48;2;167;213;213m━[38;2;194;229;229;48;2;170;215;215m─[38;2;174;218;219;48;2;170;215;216m╷[38;2;165;213;215;48;2;161;206;209m▇[38;2;162;211;212;48;2;166;214;217m▅[38;2;163;210;212;48;2;192;227;228m▇[38;2;165;212;213;48;2;229;241;242m▇[38;2;167;213;215;48;2;217;236;235m▇[38;2;239;242;243;48;2;179;218;219m▁[38;2;224;237;237;48;2;180;219;219m▄[38;2;186;219;222;48;2;219;235;234m▝[38;2;196;217;216;48;2;149;149;148m▆[38;2;168;162;157;48;2;190;208;205m▘[38;2;195;218;214;48;2;203;226;222m┈[38;2;200;220;216;48;2;211;232;229m╹[38;2;216;238;235;48;2;214;237;234m╴[38;2;185;214;214;48;2;151;185;188m▎[38;2;127;159;164;48;2;144;179;183m╻[38;2;126;159;166;48;2;137;171;178m╷[38;2;137;172;181;48;2;136;170;179m╴[38;2;130;164;173;48;2;118;150;158m▉[38;2;124;157;166;48;2;113;145;155m▉[38;2;123;159;168;48;2;148;193;197m▊[38;2;185;223;223;48;2;158;207;212m▁[38;2;212;236;234;48;2;157;206;210m╾[38;2;172;216;218;48;2;200;230;230m▊[38;2;204;231;229;48;2;162;209;212m▂[38;2;177;216;221;48;2;156;205;210m▃[38;2;101;153;175;48;2;154;200;208m╺[38;2;178;218;220;48;2;119;172;189m▂[38;2;197;225;227;48;2;141;192;201m▂[38;2;161;205;213;48;2;143;193;200m▂[38;2;141;189;195;48;2;152;201;204m▆[38;2;211;186;106;48;2;237;181;68m▏ [0m
[7m[38;2;237;181;68m [0m[38;2;237;181;68;48;2;215;192;111m▉[38;2;232;242;237;48;2;177;215;213m▁[38;2;197;229;227;48;2;172;214;216m┎[38;2;138;187;198m▂[38;2;134;183;194;48;2;176;218;218m▃[38;2;143;192;202;48;2;180;221;221m▄[38;2;214;231;232;48;2;175;213;216m╺[38;2;166;202;212;48;2;199;228;229m▄[38;2;127;170;179;48;2;199;225;227m━[38;2;145;178;187;48;2;186;219;221m━[38;2;162;202;206;48;2;184;219;219m┹[38;2;175;215;216;48;2;218;234;234m▄[38;2;162;204;210;48;2;230;240;240m▇[38;2;142;191;201;48;2;181;214;220m▅[38;2;151;196;203;48;2;186;217;222m▆[38;2;157;195;198;48;2;213;233;231m▌[38;2;176;194;192;48;2;196;215;212m┈[38;2;198;219;215;48;2;214;236;233m▏[38;2;200;222;219;48;2;208;231;228m╴[38;2;208;234;229;48;2;178;208;208m▋[38;2;152;185;188;48;2;144;178;181m┈[38;2;119;149;154;48;2;133;166;172m╵[38;2;113;144;151;48;2;133;167;176m▏[38;2;120;152;160;48;2;128;162;170m┌[38;2;126;160;171;48;2;128;163;173m▅[38;2;93;121;131;48;2;119;151;161m╎[38;2;125;159;171;48;2;123;158;169m┊[38;2;139;179;185;48;2;172;216;219m▏[38;2;152;208;213;48;2;168;212;216m╴[38;2;127;173;189;48;2;163;210;214m▃[38;2;106;153;171;48;2;154;201;207m▃[38;2;138;187;197;48;2;157;203;210m▏[38;2;167;208;215;48;2;152;202;209m▗[38;2;169;214;216;48;2;181;216;221m▘[38;2;149;192;203;48;2;219;238;237m▇[38;2;189;218;220;48;2;164;206;212m▃[38;2;182;216;214;48;2;156;201;204m▂[38;2;209;186;106;48;2;237;181;68m▏ [0m
[7m[38;2;237;181;68m [0m[38;2;237;181;68;48;2;236;181;69m┈[38;2;235;181;70;48;2;157;186;181m▆[38;2;236;181;70;48;2;137;168;169m▆[48;2;152;191;191m▆[38;2;236;182;70;48;2;170;207;204m▆[38;2;236;181;70;48;2;210;229;220m▆[48;2;237;239;232m▆[38;2;236;182;70;48;2;244;241;233m▆[38;2;236;181;71;48;2;237;239;231m▆[38;2;235;181;70;48;2;207;224;217m▆[38;2;236;181;70;48;2;182;213;208m▆[38;2;235;181;70;48;2;170;208;202m▆[38;2;236;181;70;48;2;184;215;206m▆[38;2;235;181;70;48;2;161;199;195m▆[38;2;154;121;65;48;2;219;190;109m▁[38;2;230;177;70;48;2;178;203;193m▆[38;2;158;126;63;48;2;228;194;112m▁[38;2;228;176;71;48;2;210;230;219m▆[38;2;231;178;71;48;2;218;233;223m▆[38;2;228;176;70;48;2;180;205;195m▆[38;2;233;179;70;48;2;145;172;167m▆[38;2;214;173;81;48;2;120;152;155m▇[38;2;232;180;70;48;2;137;167;164m▆[38;2;227;176;70;48;2;131;159;159m▆[38;2;235;180;70;48;2;131;160;163m▆[38;2;235;181;70;48;2;124;150;151m▆[48;2;132;165;163m▆[48;2;155;202;200m▆[48;2;180;215;210m▆[38;2;236;181;70;48;2;213;230;224m▆[48;2;179;215;212m▆[38;2;235;182;70;48;2;161;204;203m▆[38;2;235;181;70;48;2;184;215;212m▆[38;2;236;181;70;48;2;175;211;205m▆[38;2;235;181;70;48;2;145;184;188m▆[48;2;144;182;186m▆[38;2;236;181;70;48;2;182;191;173m▆[38;2;237;181;68;48;2;236;181;69m┈[48;2;237;181;68m [0m
[38;2;236;182;69;48;2;237;181;68m▁▁▁▁▁▁▁▁▁▁▁▁▁▁[38;2;236;181;70;48;2;189;148;69m▉[38;2;236;182;71;48;2;104;81;58m▃[38;2;156;121;63;48;2;228;176;69m▎[38;2;219;169;69;48;2;100;75;54m▄[38;2;89;70;56;48;2;219;171;69m▘[38;2;122;92;53;48;2;225;174;69m▝[38;2;87;60;35;48;2;225;175;72m┖[38;2;142;109;56;48;2;230;178;69m╶[38;2;92;67;41;48;2;200;155;64m╼[38;2;228;177;71;48;2;115;80;39m▉[38;2;215;166;67;48;2;154;122;61m▆[38;2;220;169;69;48;2;237;181;68m▏[38;2;236;182;69m▁▁▁▁▁▁▁▁▁▁▁▁▁▁[0m
[?25h