[?25l[0m[7m[38;2;221;120;154m [0m[38;2;0;0;0;48;2;221;120;154m            [38;2;221;120;154;48;2;219;119;152m┈[38;2;169;96;125;48;2;221;120;154m▁[38;2;176;101;132m▁[38;2;171;95;126m▁[38;2;221;120;154;48;2;217;118;152m┈[38;2;167;94;125;48;2;221;120;154m▁[38;2;222;120;154;48;2;217;118;151m┊[38;2;170;95;127;48;2;221;120;154m▁[38;2;167;93;122m▁[38;2;181;102;132m▁[38;2;188;103;135m▁[38;2;176;102;131m▁[38;2;169;95;127m▁[38;2;221;120;154;48;2;220;119;153m┊[48;2;221;120;154m             [0m
[7m[38;2;221;120;154m [0m[38;2;0;0;0;48;2;221;120;154m [38;2;218;121;153m▁[38;2;218;120;153m▁[38;2;218;121;153m▁[38;2;218;120;153m▁[38;2;218;120;154m▁[38;2;218;121;154m▁[38;2;218;120;153m▁[38;2;218;120;154m▁[38;2;218;120;153m▁▁▁[38;2;221;120;154;48;2;215;117;151m┈[38;2;217;118;152;48;2;140;83;111m▇[38;2;218;119;152;48;2;160;92;124m▇[38;2;217;118;152;48;2;149;88;116m▇[38;2;221;120;154;48;2;213;116;150m┈[38;2;217;118;152;48;2;139;79;109m▇[38;2;221;120;154;48;2;212;116;149m┈[38;2;217;118;152;48;2;138;81;108m▇[38;2;216;118;152;48;2;153;89;119m▇[38;2;217;118;152;48;2;153;87;116m▇[38;2;218;119;152;48;2;173;97;128m▇[38;2;221;120;154;48;2;209;115;148m┈[38;2;217;118;152;48;2;123;74;99m▇[38;2;221;120;154;48;2;216;117;151m┈[38;2;218;120;153;48;2;221;120;154m▁▁▁▁▁▁▁▁▁[38;2;217;120;153m▁▁[38;2;221;119;154m▁ [0m
[7m[38;2;221;120;154m [0m[38;2;221;120;154;48;2;185;115;137m▉[38;2;53;43;41;48;2;106;65;75m▇[38;2;44;38;37;48;2;104;64;75m▇[38;2;21;16;17;48;2;95;55;67m▇[38;2;20;17;20;48;2;95;58;72m▇[38;2;23;22;28;48;2;95;57;72m▇[38;2;18;17;22;48;2;93;56;70m▇[38;2;20;19;24;48;2;95;56;72m▇[38;2;21;21;26;48;2;96;56;73m▇[38;2;23;22;27;48;2;95;57;72m▇[38;2;24;23;28;48;2;95;58;73m▇[38;2;24;24;28;48;2;95;58;74m▇[38;2;25;23;29;48;2;96;58;74m▇▇[38;2;61;48;56;48;2;105;64;81m▇[38;2;64;49;59;48;2;116;70;88m▇[38;2;63;66;61;48;2;105;76;93m▇[38;2;57;65;59;48;2;103;75;91m▇[38;2;59;47;56;48;2;111;74;91m▇[38;2;66;49;59;48;2;115;69;88m▇[38;2;66;50;60;48;2;117;70;89m▇[38;2;71;53;63;48;2;117;70;90m▇[38;2;65;49;59m▇[38;2;68;51;61;48;2;117;69;89m▇[38;2;70;53;63;48;2;117;70;90m▇[38;2;67;51;60;48;2;109;68;84m▇[38;2;37;34;39;48;2;98;60;75m▇[38;2;31;30;36m▇[38;2;31;30;35;48;2;97;60;75m▇[38;2;32;31;36;48;2;98;60;76m▇[38;2;32;31;37;48;2;98;60;75m▇[48;2;98;60;76m▇[38;2;32;31;36;48;2;98;61;76m▇[38;2;31;30;35;48;2;98;60;75m▇[38;2;30;29;34;48;2;96;59;74m▇[38;2;21;20;25;48;2;96;58;74m▇[38;2;24;20;25;48;2;96;59;74m▇[38;2;189;110;137;48;2;220;120;154m▏[48;2;221;120;154m [0m
[7m[38;2;221;120;154m [0m[38;2;221;120;154;48;2;185;115;137m▉[38;2;73;42;48;48;2;54;46;44m▏[38;2;57;50;48;48;2;33;27;26m▋[38;2;22;18;17;48;2;26;22;23m▌[38;2;23;20;23;48;2;20;16;19m▖[38;2;27;25;31;48;2;18;17;21m▊[38;2;18;15;20;48;2;22;19;24m▍[38;2;22;20;26;48;2;24;22;28m▉[38;2;24;22;28;48;2;38;40;48m▋[38;2;29;32;40;48;2;21;22;27m▆[38;2;29;32;39;48;2;22;22;27m▆[38;2;37;40;49;48;2;25;27;33m┙[38;2;49;43;49;48;2;28;29;36m▗[38;2;33;31;37;48;2;65;49;58m▘[38;2;69;52;62;48;2;58;43;52m▉[38;2;56;42;52;48;2;63;48;56m│[38;2;59;45;53;48;2;67;67;47m▅[38;2;65;50;57;48;2;64;65;46m▅[38;2;95;86;76;48;2;66;52;57m▃[38;2;91;84;74;48;2;60;45;54m▖[38;2;59;43;53;48;2;66;49;59m╷[38;2;52;38;47;48;2;63;47;57m╷[38;2;46;35;41m▁[38;2;74;62;66;48;2;60;46;54m╱[38;2;68;52;62;48;2;65;48;58m╹[38;2;68;50;60;48;2;59;43;53m▊[38;2;75;59;67;48;2;32;29;34m▎[38;2;30;29;34;48;2;33;32;37m▍[38;2;33;33;38;48;2;32;32;37m╲[38;2;32;31;37;48;2;33;33;38m╺[38;2;33;33;38;48;2;34;34;39m▊[48;2;33;33;38m [38;2;32;31;37m▝[38;2;33;33;38;48;2;33;32;37m▗[38;2;32;32;37;48;2;26;25;30m▉[38;2;28;27;32;48;2;32;31;36m▏[38;2;27;26;32;48;2;60;37;47m▉[38;2;187;112;139;48;2;221;119;154m▏[48;2;221;120;154m [0m
[7m[38;2;221;120;154m [0m[38;2;221;119;154;48;2;187;115;137m▉[38;2;78;46;53;48;2;59;49;48m▏[38;2;58;50;48;48;2;33;29;25m▊[38;2;26;21;19;48;2;29;24;24m▌[38;2;20;15;16;48;2;27;23;25m▊[38;2;31;28;33;48;2;23;20;25m▌[38;2;20;17;19;48;2;23;19;23m▎[38;2;25;20;26;48;2;26;22;28m▉[38;2;25;24;29;48;2;46;49;56m▋[38;2;32;36;43;48;2;27;30;37m┗[38;2;15;16;22;48;2;25;27;35m┏[38;2;65;50;57;48;2;28;27;33m▗[38;2;67;51;60;48;2;51;42;49m▇[38;2;69;52;62;48;2;67;51;60m┊[38;2;65;48;58;48;2;67;50;60m▁[38;2;56;40;51;48;2;65;48;58m┌[38;2;62;46;56;48;2;60;45;55m┈[38;2;62;47;57;48;2;51;38;46m▊[38;2;66;57;55;48;2;93;86;74m▖[38;2;85;76;69;48;2;61;48;55m▎[38;2;59;46;55;48;2;57;44;53m┈[38;2;97;89;80;48;2;52;42;47m▄[38;2;95;90;83;48;2;60;53;55m▅[38;2;47;36;42;48;2;57;44;51m▚[38;2;56;46;54;48;2;52;40;48m▚[38;2;60;53;60;48;2;52;46;53m╋[38;2;47;51;61;48;2;30;29;33m▆[38;2;51;55;66;48;2;29;30;35m▆[38;2;57;61;72;48;2;31;32;37m▆[38;2;54;57;66;48;2;33;34;39m▋[38;2;36;37;41;48;2;34;35;40m▂[38;2;35;36;40;48;2;34;35;39m▏[38;2;34;36;40;48;2;33;34;39m▌[38;2;34;35;39;48;2;33;33;38m▄[38;2;35;36;40;48;2;34;34;39m▂[38;2;34;36;40;48;2;34;33;38m▁[38;2;23;24;29;48;2;35;32;37m╿[38;2;187;112;138;48;2;221;120;154m▏ [0m
[7m[38;2;221;120;154m [0m[38;2;221;119;154;48;2;187;116;138m▉[38;2;86;53;60;48;2;61;51;50m▏[38;2;62;53;52;48;2;38;29;27m▊[38;2;39;29;28;48;2;30;22;22m╽[38;2;31;27;29;48;2;25;20;19m▃[38;2;37;34;40;48;2;26;23;25m▊[38;2;24;20;20;48;2;29;24;26m▎[38;2;27;23;26;48;2;23;22;26m▋[38;2;23;21;26;48;2;40;41;47m▋[38;2;40;32;36;48;2;21;21;26m▗[38;2;26;24;30;48;2;54;41;49m▘[38;2;53;39;49;48;2;64;48;57m╸[48;2;65;49;59m [38;2;66;49;60;48;2;64;48;58m╴[38;2;53;40;50;48;2;61;46;56m▂[38;2;49;35;46;48;2;58;45;54m▄[38;2;51;38;48;48;2;55;41;51m╉[38;2;70;53;60;48;2;52;39;48m▁[38;2;94;83;77;48;2;58;44;51m▝[38;2;58;47;51;48;2;50;38;46m╴[38;2;48;36;44;48;2;68;57;56m▉[38;2;112;102;89;48;2;111;102;87m┈[38;2;76;66;64;48;2;109;101;86m▁[38;2;105;98;83;48;2;50;51;53m▘[38;2;38;42;49;48;2;36;38;45m▆[38;2;40;44;52;48;2;42;46;55m▋[38;2;45;48;57;48;2;47;50;60m▌[38;2;49;53;62;48;2;51;55;66m▋[38;2;53;57;68;48;2;56;60;71m▍[38;2;60;64;74;48;2;32;35;39m▋[38;2;35;36;39;48;2;37;38;42m▎[38;2;35;37;41;48;2;20;20;24m▍[38;2;48;52;59;48;2;25;27;31m▗[38;2;11;12;15;48;2;35;37;41m▆[38;2;42;45;51;48;2;23;25;29m▃[38;2;37;40;47;48;2;18;19;23m▗[38;2;15;13;19;48;2;31;29;36m▂[38;2;185;111;137;48;2;220;119;153m▏[48;2;221;120;154m [0m
[7m[38;2;221;120;154m [0m[38;2;221;119;153;48;2;188;115;138m▉[38;2;89;54;61;48;2;67;56;54m▏[38;2;74;65;63;48;2;42;34;32m▊[38;2;36;28;26;48;2;44;39;42m▉[38;2;48;43;48;48;2;34;28;30m▊[38;2;61;48;52;48;2;43;37;41m▂[38;2;77;55;60;48;2;31;25;26m▃[38;2;73;52;59;48;2;28;24;25m▄[38;2;63;45;53;48;2;28;24;28m▆[38;2;53;36;47;48;2;61;43;53m╴[38;2;62;46;56;48;2;58;43;54m▇[38;2;58;41;49;48;2;62;46;56m▁[38;2;77;54;62;48;2;60;44;54m▂[38;2;83;57;66;48;2;56;42;51m▄[38;2;79;56;65;48;2;47;33;43m▆[38;2;80;57;65;48;2;67;48;58m▇[38;2;71;49;57;48;2;78;55;65m╼[38;2;71;48;57;48;2;78;54;63m╍[38;2;80;55;63;48;2;70;52;57m▄[38;2;77;57;63;48;2;48;34;43m▇[38;2;76;57;62;48;2;50;37;44m▄[38;2;55;41;48;48;2;97;86;78m━[38;2;104;95;84;48;2;38;30;35m▂[38;2;86;76;69;48;2;31;33;38m▁[38;2;21;24;30;48;2;30;33;39m╋[38;2;22;25;32;48;2;31;34;41m╉[38;2;21;24;29;48;2;38;41;49m▖[38;2;40;43;52;48;2;51;54;63m▅[38;2;44;47;56;48;2;55;58;70m▅[38;2;53;56;66;48;2;31;34;38m▋[38;2;34;35;39;48;2;36;37;41m▌[38;2;37;38;40;48;2;6;7;9m▍[38;2;49;51;58;48;2;23;25;29m╏[38;2;12;14;17;48;2;40;42;47m╍[38;2;11;13;15;48;2;41;44;51m╺[38;2;38;41;46;48;2;22;23;26m▘[38;2;43;42;48;48;2;15;11;16m▃[38;2;186;110;137;48;2;221;119;154m▏[48;2;221;120;154m [0m
[7m[38;2;221;120;154m [0m[38;2;220;120;153;48;2;187;116;136m▉[38;2;90;54;61;48;2;72;59;57m▏[38;2;72;62;60;48;2;50;40;38m▋[38;2;39;29;28;48;2;49;42;43m▊[38;2;74;55;56;48;2;54;45;46m┎[38;2;66;49;52;48;2;74;51;55m▘[38;2;80;57;63;48;2;75;52;58m┇[38;2;58;39;47;48;2;67;47;54m╺[38;2;61;42;51;48;2;65;47;54m▘[38;2;60;44;52;48;2;62;45;53m▁[38;2;78;55;61;48;2;61;44;53m▗[38;2;87;60;67;48;2;67;49;57m▅[38;2;87;61;69;48;2;85;59;68m▖[38;2;82;59;67;48;2;84;59;67m╷[38;2;84;58;67;48;2;83;58;67m┊[38;2;80;56;65;48;2;82;58;66m┊[38;2;84;58;67;48;2;83;58;66m┈[48;2;83;57;66m┈[38;2;83;58;67m▅[38;2;84;58;67m▆[38;2;83;58;66;48;2;81;62;65m▇[38;2;84;62;68;48;2;89;77;72m▅[38;2;83;63;66;48;2;102;92;82m▄[38;2;86;71;69;48;2;105;94;84m▆[38;2;49;40;44;48;2;86;65;69m▝[38;2;71;52;59;48;2;31;32;38m▄[38;2;33;38;43;48;2;32;34;41m╴[38;2;33;37;42;48;2;38;40;48m▅[38;2;37;40;46;48;2;45;48;57m▆[38;2;54;58;65;48;2;36;39;45m╿[38;2;32;34;38;48;2;37;38;42m▋[38;2;36;37;41;48;2;8;9;11m▍[38;2;9;9;11;48;2;33;37;40m▇[38;2;12;13;15;48;2;38;41;48m▇[38;2;8;9;10;48;2;43;45;49m▇[38;2;19;22;26;48;2;12;14;16m╵[38;2;14;11;14;48;2;49;48;54m▇[38;2;183;109;134;48;2;221;120;154m▏ [0m
[7m[38;2;221;120;154m [0m[38;2;221;119;153;48;2;189;118;138m▉[38;2;99;63;68;48;2;79;66;61m▏[38;2;79;67;63;48;2;53;43;41m▋[38;2;46;36;34;48;2;52;42;41m▍[38;2;53;35;36;48;2;71;51;53m╹[38;2;78;56;58;48;2;76;54;56m╴[38;2;67;46;49;48;2;75;52;55m┏[38;2;66;44;49;48;2;71;50;54m╲[38;2;58;40;48;48;2;61;41;49m┊[38;2;87;58;66;48;2;65;46;54m▄[48;2;90;60;68m [38;2;89;60;68;48;2;87;58;66m▋[38;2;87;59;66;48;2;85;58;65m▉[38;2;78;54;60;48;2;85;59;66m─[38;2;76;53;60;48;2;82;57;65m─[38;2;70;50;59;48;2;78;54;63m▁[38;2;65;45;54;48;2;68;48;57m▃[38;2;54;37;47;48;2;78;57;64m▆[38;2;43;29;38;48;2;71;50;59m╾[38;2;65;46;55;48;2;78;55;64m┒[38;2;65;45;54;48;2;82;58;66m▂[38;2;84;58;66;48;2;84;59;66m┈[38;2;83;59;66;48;2;84;60;67m▄[38;2;84;61;67;48;2;83;60;67m╴[38;2;80;59;64;48;2;83;62;67m┊[38;2;78;56;63;48;2;84;63;68m▝[38;2;74;56;62;48;2;43;42;47m▎[38;2;47;50;57;48;2;31;35;41m▅[38;2;52;55;63;48;2;34;38;45m▅[38;2;58;60;69;48;2;37;40;45m┪[38;2;30;33;33;48;2;33;35;39m▎[38;2;35;35;39;48;2;4;4;5m▍[48;2;4;4;4m [38;2;4;4;4;48;2;4;4;5m▉[38;2;4;4;6;48;2;4;4;4m╸ [38;2;3;3;3;48;2;45;13;23m▉[38;2;183;109;134;48;2;220;119;154m▏[48;2;221;120;154m [0m
[7m[38;2;221;120;154m [0m[38;2;221;120;153;48;2;191;119;139m▉[38;2;109;73;77;48;2;89;74;68m▏[38;2;84;72;66;48;2;59;48;46m▋[38;2;51;40;38;48;2;59;49;47m▍[38;2;60;44;44;48;2;78;56;58m▖[38;2;81;56;60;48;2;75;52;54m▉[38;2;73;50;53;48;2;77;54;57m▏[38;2;63;43;45;48;2;67;45;48m┊[38;2;63;41;46;48;2;92;61;68m▘[38;2;94;60;68;48;2;93;62;69m▂[38;2;92;60;69;48;2;91;60;67m▌[38;2;90;60;68;48;2;89;59;66m▘[38;2;88;58;66;48;2;87;57;65m▊[38;2;86;57;65;48;2;87;59;67m▆[38;2;77;53;62;48;2;83;57;66m▝[38;2;83;57;66;48;2;69;48;57m▆[38;2;83;58;66;48;2;82;57;66m┊[38;2;26;21;29;48;2;70;48;57m▄[38;2;54;40;48;48;2;79;56;65m▏[38;2;81;58;66;48;2;83;59;68m▃[38;2;70;49;57;48;2;78;55;63m▗[38;2;61;43;52m▖[38;2;80;57;65;48;2;82;58;66m┊[38;2;79;56;64;48;2;82;59;67m╺[38;2;69;50;58m╺[38;2;50;42;50;48;2;78;56;64m▆[38;2;43;46;52;48;2;43;39;46m▇[38;2;47;50;56;48;2;44;47;53m▄[38;2;47;50;59;48;2;51;54;62m▊[38;2;54;56;65;48;2;27;30;32m▋[38;2;26;30;30;48;2;30;32;36m▎[38;2;33;34;36;48;2;4;4;4m▍[38;2;5;6;6;48;2;18;19;22m▉[38;2;50;54;62;48;2;14;15;19m▄[38;2;50;53;61;48;2;8;9;10m▖[38;2;43;45;53;48;2;5;5;6m▅[38;2;48;47;56;48;2;14;11;14m▃[38;2;184;109;134;48;2;221;120;154m▏ [0m
[7m[38;2;221;120;154m [0m[38;2;221;119;153;48;2;192;119;139m▉[38;2;89;74;68;48;2;97;78;73m▗[38;2;84;70;65;48;2;64;51;47m▋[38;2;60;48;45;48;2;66;55;53m▍[38;2;59;45;44;48;2;90;64;67m▍[38;2;77;52;55;48;2;84;59;62m╷[38;2;82;57;61;48;2;71;47;51m▊[38;2;70;48;51;48;2;99;67;72m▘[38;2;97;64;71;48;2;99;66;72m▝[38;2;96;64;70;48;2;94;61;68m▖[38;2;94;61;68;48;2;93;60;67m╸[38;2;91;59;65;48;2;90;58;64m▋[38;2;83;56;65;48;2;88;58;65m▁[38;2;86;59;66;48;2;86;57;65m╴[38;2;50;30;39;48;2;85;56;64m▁[38;2;17;13;22;48;2;77;52;60m▂[38;2;71;48;57;48;2;20;17;27m▘[38;2;14;14;25;48;2;13;13;23m▆[38;2;58;40;50;48;2;15;14;26m▝[38;2;82;57;66;48;2;79;54;63m┈[48;2;81;56;64m┊[38;2;82;57;65;48;2;76;53;61m┊[38;2;80;57;65;48;2;82;57;66m╺[38;2;81;58;66;48;2;82;59;67m▃[38;2;82;57;66m▃[38;2;54;41;48;48;2;82;59;66m▝[38;2;30;27;30;48;2;46;49;56m▇[38;2;21;23;25;48;2;46;48;52m▇[38;2;22;23;25;48;2;45;48;55m▇[38;2;23;24;27;48;2;39;41;47m▇[38;2;27;28;31;48;2;29;30;35m▍[38;2;32;34;40;48;2;18;19;23m▆[38;2;39;43;48;48;2;21;24;27m▆[38;2;57;62;70;48;2;44;48;54m▝[38;2;39;44;48;48;2;47;51;57m╻[38;2;57;61;68;48;2;45;50;57m▝[38;2;51;53;61;48;2;38;39;45m▅[38;2;188;113;141;48;2;221;120;154m▏ [0m
[7m[38;2;221;120;154m [0m[38;2;221;120;154;48;2;193;120;140m▉[38;2;107;86;80;48;2;97;77;72m▅[38;2;107;90;83;48;2;75;60;53m▋[38;2;69;55;48;48;2;76;63;58m▍[38;2;72;54;51;48;2;97;70;70m▍[38;2;87;62;64;48;2;92;66;67m▋[38;2;89;62;64;48;2;106;72;76m▊[38;2;106;71;74;48;2;108;73;77m▁[38;2;91;58;64;48;2;102;68;73m▃[38;2;86;54;60;48;2;97;63;69m╼[38;2;92;59;65;48;2;95;62;68m╺[38;2;85;54;60;48;2;90;57;64m▝[38;2;83;54;60;48;2;67;41;51m▆[38;2;22;14;21;48;2;48;30;38m▗[38;2;21;17;24;48;2;14;11;17m▂[38;2;15;14;22;48;2;18;16;26m┙[38;2;18;16;27;48;2;14;13;22m▆[38;2;16;15;26;48;2;16;16;27m▍[38;2;16;16;27;48;2;14;15;27m▇[38;2;75;52;61;48;2;28;22;33m▝[38;2;55;35;49;48;2;76;52;62m▄[38;2;71;49;58;48;2;41;33;44m▝[38;2;55;45;55;48;2;80;56;65m▖[38;2;79;54;66;48;2;81;57;66m▃[38;2;71;49;61;48;2;80;56;66m▗[38;2;81;58;67;48;2;78;55;64m┊[38;2;55;40;46;48;2;82;56;67m▝[38;2;56;41;48;48;2;24;24;26m▖[38;2;23;24;26;48;2;23;23;25m▉[48;2;25;25;28m▌[38;2;28;29;33;48;2;27;27;30m▝[38;2;27;27;31;48;2;39;39;44m▍[38;2;38;35;42;48;2;42;46;51m▃[38;2;43;40;47;48;2;46;49;56m▃[38;2;48;45;52;48;2;49;53;59m▃[38;2;49;47;54;48;2;49;50;57m╻[38;2;51;44;52;48;2;51;52;59m▃[38;2;189;113;141;48;2;220;120;154m▏[48;2;221;120;154m [0m
[7m[38;2;221;120;154m [0m[38;2;221;120;153;48;2;195;122;140m▉[38;2;123;102;93;48;2;116;95;87m▄[38;2;116;98;89;48;2;84;68;63m▋[38;2;90;74;69;48;2;82;67;61m┃[38;2;78;60;55;48;2;99;70;69m▍[38;2;95;66;66;48;2;100;71;70m╿[38;2;86;58;59;48;2;102;70;72m┠[38;2;119;80;82;48;2;98;65;68m▃[38;2;111;73;78;48;2;97;62;68m▇[38;2;103;66;71;48;2;106;69;74m▁[38;2;94;61;64;48;2;99;64;69m╴[38;2;94;61;65;48;2;95;62;68m╴[38;2;33;20;28;48;2;72;46;51m▗[38;2;26;20;29;48;2;23;14;20m▝[38;2;26;20;30;48;2;25;20;29m▉[38;2;26;22;29;48;2;22;20;27m▃[38;2;23;21;30;48;2;19;18;26m▆[38;2;21;19;29;48;2;19;18;27m▖[38;2;20;18;29;48;2;17;17;27m▁[38;2;17;17;27;48;2;40;33;43m▉[38;2;46;31;45;48;2;31;37;43m▘[38;2;29;39;44;48;2;29;38;44m▘[38;2;28;39;46;48;2;32;38;45m┈[38;2;28;31;37;48;2;70;48;58m▖[38;2;76;51;62;48;2;58;38;49m▋[38;2;68;47;57;48;2;78;52;63m▏[38;2;78;52;64;48;2;80;54;65m▄[38;2;59;41;51;48;2;79;53;64m▝[38;2;61;41;52;48;2;28;24;28m▖[38;2;22;22;22;48;2;24;24;25m▖[38;2;24;24;25;48;2;25;25;27m▂[38;2;42;37;43;48;2;26;25;28m┗[38;2;44;39;46;48;2;28;27;32m━[38;2;51;45;53;48;2;35;33;38m┷[38;2;33;31;36;48;2;57;50;60m▃[38;2;54;47;57;48;2;40;37;45m━[38;2;61;50;61;48;2;43;38;44m─[38;2;189;112;139;48;2;221;120;153m▏[48;2;221;120;154m [0m
[7m[38;2;221;120;154m [0m[38;2;221;120;154;48;2;197;123;142m▉[38;2;142;118;107;48;2;132;110;99m▃[38;2;132;113;102;48;2;97;79;70m▋[38;2;103;86;78;48;2;95;78;71m┃[38;2;88;70;62;48;2;106;76;73m▌[38;2;103;72;69m▚[38;2;88;60;57;48;2;106;74;72m╹[38;2;116;80;79;48;2;126;86;86m▁[38;2;106;71;73;48;2;116;77;79m┏[38;2;103;68;71;48;2;113;75;78m▘[38;2;114;75;78;48;2;106;70;73m╴[38;2;101;68;72;48;2;54;37;40m▘[38;2;34;22;28;48;2;40;28;32m▝[38;2;28;16;23;48;2;37;26;33m▝[38;2;28;18;26;48;2;33;23;31m┚[38;2;26;21;28;48;2;30;23;31m▝[38;2;28;22;30;48;2;24;20;27m▆[38;2;26;21;30;48;2;23;21;31m▆[38;2;25;19;28;48;2;23;19;28m┓[38;2;20;18;26;48;2;23;23;28m▉[38;2;25;23;25;48;2;30;37;43m▅[38;2;23;22;25;48;2;29;37;44m▅[48;2;26;31;39m▅[48;2;26;26;31m▇[38;2;34;26;29;48;2;67;45;55m▖[38;2;77;52;61;48;2;76;53;63m▄[48;2;76;52;63m [38;2;77;53;64;48;2;77;53;63m╍[38;2;55;37;49;48;2;76;52;62m▝[38;2;57;38;49;48;2;29;24;30m▖[38;2;19;19;22;48;2;22;22;24m▃[38;2;20;20;22;48;2;23;23;25m▂[38;2;24;24;26;48;2;26;26;28m▃[38;2;26;25;29;48;2;29;28;32m▖[38;2;29;29;31;48;2;32;32;35m▃[38;2;32;31;36;48;2;35;34;38m▂[38;2;33;34;38;48;2;63;38;47m▉[38;2;189;110;138;48;2;221;120;154m▏ [0m
[7m[38;2;221;120;154m [0m[38;2;221;120;154;48;2;200;125;144m▉[38;2;164;137;126;48;2;151;126;115m▄[38;2;152;131;118;48;2;113;93;81m▋[38;2;116;97;85;48;2;108;89;81m▄[38;2;98;79;69;48;2;104;82;72m▚[38;2;105;80;71;48;2;111;81;73m▂[38;2;130;94;86;48;2;117;83;78m▂[38;2;121;83;80;48;2;130;91;88m╵[38;2;87;62;58;48;2;131;91;89m▂[38;2;79;57;55;48;2;123;84;84m▄[38;2;86;61;61;48;2;63;46;46m▘[38;2;57;42;41;48;2;50;36;37m▅[38;2;95;72;51;48;2;49;37;38m▁[38;2;91;78;76;48;2;46;33;35m▁[38;2;102;80;61;48;2;42;29;35m▂[38;2;80;62;47;48;2;44;32;38m▁[38;2;91;70;54;48;2;34;25;33m▂[38;2;87;72;61;48;2;33;25;33m▁[38;2;63;53;52;48;2;29;22;30m▁[38;2;64;53;55;48;2;23;19;25m▁[38;2;56;49;46;48;2;25;21;21m▁[38;2;44;39;37;48;2;29;25;26m▁[38;2;34;30;30;48;2;27;23;24m▂[38;2;27;23;24;48;2;31;26;25m┈[38;2;27;22;24;48;2;62;42;49m▊[38;2;78;51;61;48;2;71;48;56m▇[38;2;78;52;61;48;2;72;48;59m▇[38;2;80;51;63;48;2;78;52;63m▂[38;2;77;52;62;48;2;77;52;63m┈[38;2;29;24;32;48;2;70;48;59m▂[38;2;48;34;44;48;2;20;19;24m╸[38;2;19;19;21;48;2;20;20;22m▆[38;2;20;20;22;48;2;22;22;24m▆[38;2;25;24;27m▝[38;2;24;24;27;48;2;27;26;30m▅[38;2;25;25;28;48;2;29;29;31m▄[38;2;28;28;31;48;2;57;35;43m▉[38;2;187;111;138;48;2;221;120;154m▏ [0m
[7m[38;2;221;120;154m [0m[38;2;221;120;154;48;2;202;128;146m▉[38;2;183;139;137;48;2;171;144;129m▏[38;2;167;145;130;48;2;131;109;96m▋[38;2;132;109;95;48;2;124;104;91m▅[38;2;167;135;103;48;2;123;99;84m▗[38;2;161;127;93;48;2;119;93;77m▃[38;2;186;153;117;48;2;112;85;66m▂[38;2;190;158;122;48;2;107;79;60m▂[38;2;164;128;94;48;2;100;72;55m▂[38;2;170;141;104;48;2;99;72;55m▂[38;2;156;124;91;48;2;86;60;46m▂[38;2;147;112;83;48;2;81;56;42m▂[38;2;141;106;76;48;2;88;62;44m▂[38;2;123;92;65;48;2;69;47;35m▂[38;2;75;50;34;48;2;104;76;53m▇[38;2;99;68;45;48;2;68;46;32m▂[38;2;90;61;41;48;2;76;53;36m▂[38;2;52;33;19;48;2;81;58;41m━[38;2;112;81;55;48;2;66;47;36m▖[38;2;59;37;22;48;2;60;41;30m╷[38;2;60;46;34;48;2;70;52;37m╵[38;2;51;32;19;48;2;90;72;55m▅[38;2;48;30;19;48;2;79;64;50m▅[48;2;58;44;33m╷[38;2;73;55;37;48;2;54;40;30m╸[38;2;40;25;16;48;2;62;47;40m▄[38;2;30;18;11;48;2;64;49;43m▄[38;2;32;22;18;48;2;39;29;26m┈[38;2;19;12;9;48;2;40;33;35m▅[38;2;19;11;9;48;2;26;21;22m┈[38;2;16;11;7;48;2;25;21;23m┈[38;2;14;11;6;48;2;22;19;19m┈[38;2;13;9;5;48;2;21;18;17m┈[38;2;41;38;34;48;2;20;18;17m╺[38;2;34;31;26;48;2;18;16;16m╸[38;2;50;45;41;48;2;18;16;15m╺[38;2;46;39;37;48;2;20;14;16m━[38;2;185;110;135;48;2;220;120;153m▏[48;2;221;120;154m [0m
[7m[38;2;221;120;154m [0m[38;2;0;0;0;48;2;221;120;154m [38;2;220;120;153;48;2;179;144;132m▆[48;2;163;130;116m▆[48;2;149;111;95m▆[48;2;162;122;99m▆[48;2;138;96;76m▆[48;2;131;92;72m▆[48;2;124;86;69m▆[38;2;220;119;153;48;2;118;81;64m▆[48;2;126;88;68m▆[38;2;220;120;153;48;2;112;75;60m▆[48;2;97;64;53m▆[38;2;220;119;153;48;2;91;58;47m▆[38;2;219;119;153;48;2;87;53;44m▆[38;2;207;113;145;48;2;82;50;41m▆[38;2;214;117;150;48;2;78;45;38m▆[38;2;207;113;145;48;2;74;42;35m▆[38;2;213;116;149;48;2;71;39;33m▆[38;2;215;117;150;48;2;94;59;44m▆[38;2;213;116;149;48;2;64;36;30m▆[38;2;217;118;151;48;2;88;58;46m▆[38;2;212;116;148;48;2;55;29;26m▆[38;2;216;118;151;48;2;52;28;25m▆[38;2;212;116;149;48;2;56;33;28m▆[38;2;218;119;152;48;2;49;27;23m▆[38;2;219;120;153;48;2;44;23;21m▆[48;2;43;23;21m▆[48;2;43;24;23m▆[48;2;41;26;28m▆[48;2;41;27;32m▆▆[38;2;219;119;153;48;2;39;25;32m▆[38;2;219;120;153;48;2;37;26;32m▆[48;2;36;24;32m▆[48;2;34;23;30m▆[48;2;34;22;29m▆[48;2;38;21;30m▆[38;2;221;120;154;48;2;220;119;153m┈[48;2;221;120;154m [0m
[38;2;220;119;153;48;2;221;120;154m▁▁▁▁▁▁▁▁▁▁▁▁▁▁[38;2;220;119;154;48;2;177;98;129m▉[38;2;220;119;153;48;2;96;56;85m▃[38;2;146;82;111;48;2;213;115;150m▎[38;2;204;111;145;48;2;93;51;81m▄[38;2;83;49;77;48;2;205;112;145m▘[38;2;115;62;93;48;2;210;114;148m▝[38;2;83;37;69;48;2;211;116;149m┖[38;2;134;72;100;48;2;215;116;151m╶[38;2;89;44;73;48;2;188;101;134m╼[38;2;213;116;151;48;2;108;52;83m▉[38;2;200;109;142;48;2;143;82;111m▆[38;2;205;112;144;48;2;221;120;154m▏[38;2;220;119;153m▁▁▁▁▁▁▁▁▁▁▁▁▁▁[0m
[?25h