[?25l[0m[7m[38;2;26;124;195m [0m[38;2;0;0;0;48;2;26;124;195m            [38;2;25;124;196;48;2;26;122;193m┊[38;2;38;89;146;48;2;26;124;196m▁[38;2;36;96;157m▁[38;2;35;90;146;48;2;26;124;195m▁[38;2;26;124;195;48;2;26;121;191m┈[38;2;34;87;145;48;2;27;124;196m▁[38;2;26;124;196;48;2;27;121;191m┈[38;2;35;91;147;48;2;27;124;196m▁[38;2;34;88;144;48;2;26;124;195m▁[38;2;33;96;155m▁[38;2;27;104;164m▁[38;2;39;96;155;48;2;26;124;196m▁[38;2;36;88;148;48;2;27;124;195m▁[38;2;26;124;195;48;2;26;123;194m┈[48;2;26;124;195m             [0m
[7m[38;2;26;124;195m [0m[38;2;0;0;0;48;2;26;124;195m [38;2;49;127;187m▁[38;2;48;126;185m▁[38;2;56;128;186m▁[38;2;58;129;185;48;2;25;124;195m▁[38;2;56;129;185;48;2;26;124;195m▁[38;2;51;125;183m▁[38;2;37;116;183m▁[38;2;55;126;185;48;2;25;124;195m▁[38;2;58;129;186;48;2;26;124;195m▁[38;2;57;129;186m▁▁[38;2;25;124;195;48;2;30;122;190m┊[38;2;31;123;192;48;2;36;76;132m▇[38;2;31;124;192;48;2;37;94;147m▇[38;2;31;123;192;48;2;41;81;140m▇[38;2;26;124;194;48;2;30;120;188m┈[38;2;31;124;192;48;2;30;77;136m▇[38;2;26;124;194;48;2;31;120;188m┈[38;2;31;124;192;48;2;33;77;133m▇[38;2;31;123;192;48;2;37;84;139m▇[38;2;31;124;192;48;2;34;86;144m▇[48;2;31;95;156m▇[48;2;38;87;143m▇[38;2;31;123;192;48;2;33;68;120m▇[38;2;25;124;195;48;2;30;122;190m┊[38;2;56;129;184;48;2;26;124;195m▁[38;2;51;125;183m▁[38;2;43;121;178m▁[38;2;38;117;178m▁[38;2;42;119;178m▁[38;2;41;122;180m▁[38;2;44;123;181m▁[38;2;45;122;181m▁[38;2;43;121;178m▁[38;2;42;120;178m▁[38;2;39;121;179m▁  [0m
[7m[38;2;26;124;195m [0m[38;2;26;124;195;48;2;65;131;177m▉[38;2;92;112;115;48;2;174;194;202m─[38;2;93;114;112;48;2;171;192;197m─[38;2;59;69;69;48;2;141;154;156m┺[38;2;16;25;22;48;2;194;200;197m▅[38;2;25;30;38;48;2;223;226;222m▄[38;2;20;24;56;48;2;86;106;129m▇[38;2;13;18;53;48;2;7;27;69m▇[38;2;23;29;58;48;2;176;180;176m▍[38;2;43;49;47;48;2;231;234;226m▂[38;2;42;49;46;48;2;232;234;225m▂[38;2;39;46;43;48;2;231;234;225m▂[38;2;38;45;41;48;2;230;233;224m▂[38;2;37;44;41;48;2;230;232;223m▂[38;2;35;43;39;48;2;230;232;224m▂[38;2;34;41;39;48;2;229;232;223m▂[38;2;31;38;35;48;2;228;232;222m▂[38;2;43;49;45;48;2;228;232;223m▂[38;2;27;33;28;48;2;227;231;222m▂[38;2;26;31;30;48;2;226;230;221m▂[38;2;25;31;30;48;2;227;230;222m▂[38;2;23;29;27;48;2;227;230;221m▂[48;2;225;229;220m▂[38;2;20;28;24;48;2;226;229;222m▂[38;2;20;26;24;48;2;225;229;221m▂[38;2;18;25;23;48;2;225;229;220m▂[38;2;17;24;23;48;2;225;228;220m▂[38;2;35;40;40;48;2;224;227;219m▂[38;2;16;22;23;48;2;217;219;209m▂[38;2;16;22;22;48;2;196;199;192m▂[48;2;192;196;190m▂[38;2;15;21;21;48;2;185;191;186m▂[38;2;15;21;20;48;2;180;187;180m▂[38;2;14;20;20;48;2;173;178;169m▂[38;2;225;226;215;48;2;80;88;79m━[38;2;218;221;210;48;2;95;102;94m╾[38;2;198;203;194;48;2;96;106;96m┬[38;2;57;121;162;48;2;26;124;194m▏[48;2;26;124;195m [0m
[7m[38;2;26;124;195m [0m[38;2;26;124;195;48;2;69;132;177m▉[38;2;194;205;204;48;2;172;194;198m┃[38;2;195;209;193;48;2;174;193;196m▁[38;2;190;204;203;48;2;179;196;195m┋[38;2;14;23;21;48;2;138;152;149m▝[38;2;38;45;64;48;2;17;23;34m▁[38;2;14;18;54;48;2;11;16;49m▋[38;2;12;18;48;48;2;12;18;52m┊[38;2;83;86;100;48;2;13;19;34m▂[38;2;158;160;154;48;2;14;23;21m▂[38;2;157;159;153;48;2;15;23;21m▂[38;2;155;160;153m▂[38;2;157;159;153;48;2;14;23;22m▂[38;2;111;118;118;48;2;15;24;22m▂[38;2;34;46;57;48;2;15;23;21m▂[38;2;37;46;57;48;2;15;22;21m▂[38;2;154;153;139;48;2;24;31;28m▁[38;2;172;165;149;48;2;56;62;59m▁[38;2;15;22;20;48;2;28;36;34m╴[38;2;61;74;87;48;2;17;25;22m▁[38;2;55;66;78;48;2;16;24;22m▁[38;2;93;105;110;48;2;17;24;22m▁[38;2;75;89;96;48;2;15;24;21m▁[38;2;60;72;82;48;2;15;23;21m▁[38;2;55;64;62;48;2;20;29;27m╷[38;2;36;47;61;48;2;15;23;20m▁[38;2;46;53;67;48;2;14;22;20m▁[38;2;96;105;103;48;2;46;54;53m│[38;2;53;64;71;48;2;13;22;21m▁[38;2;47;58;67m▁[38;2;80;90;96;48;2;13;22;22m▁[38;2;47;56;68;48;2;13;22;21m▁[38;2;13;22;22;48;2;21;30;31m┊[38;2;48;58;66;48;2;13;22;21m▁[38;2;43;52;64;48;2;12;21;21m▁[38;2;29;35;34;48;2;90;96;95m▋[38;2;21;27;26;48;2;114;128;117m▌[38;2;51;116;159;48;2;27;124;194m▏[48;2;26;124;195m [0m
[7m[38;2;26;124;195m [0m[38;2;26;124;194;48;2;71;132;171m▉[38;2;168;202;211;48;2;191;205;190m▏[38;2;192;205;194;48;2;196;209;192m▁[38;2;199;212;195;48;2;197;209;191m┊[38;2;145;141;104;48;2;194;206;186m▁[38;2;107;108;96;48;2;30;38;58m▂[38;2;14;19;55;48;2;11;15;48m▋[38;2;11;14;44;48;2;12;17;49m╶[38;2;12;17;49;48;2;158;164;163m▌[38;2;50;79;119;48;2;156;166;163m▄[38;2;38;67;110;48;2;126;150;155m▆[38;2;35;65;109;48;2;120;153;158m▇[38;2;37;66;108;48;2;151;172;165m▇[38;2;39;66;106;48;2;109;123;126m▆[38;2;61;98;123;48;2;35;57;82m▗[38;2;50;70;83;48;2;33;46;63m▁[38;2;90;93;93;48;2;178;167;150m▏[38;2;176;159;141;48;2;173;160;143m▇[38;2;34;42;61;48;2;129;127;124m╹[38;2;67;79;87;48;2;26;36;54m▏[38;2;24;37;57;48;2;34;46;66m▆[38;2;34;47;64;48;2;120;131;137m▋[38;2;20;31;49;48;2;37;52;69m▅[38;2;17;28;49;48;2;28;42;63m▅[38;2;161;171;173;48;2;29;41;59m┃[38;2;16;26;47;48;2;20;32;54m┐[38;2;17;29;54;48;2;24;38;60m▄[38;2;111;122;132;48;2;30;44;63m▍[38;2;18;32;52;48;2;33;47;64m▅[38;2;26;41;60;48;2;40;54;72m▇[38;2;155;166;173;48;2;21;36;56m▎[38;2;19;36;57;48;2;37;52;73m▅[38;2;37;53;71;48;2;150;163;165m▊[38;2;74;84;89;48;2;24;38;58m▏[38;2;13;28;50;48;2;20;37;58m▃[38;2;17;32;52;48;2;120;132;138m▋[38;2;19;36;59;48;2;17;55;82m▉[38;2;44;110;159;48;2;26;124;195m▏ [0m
[38;2;26;124;195;48;2;26;124;196m▉[48;2;52;125;179m▉[38;2;128;161;188;48;2;97;134;162m┊[38;2;87;123;151;48;2;178;190;184m▊[38;2;197;208;191;48;2;194;197;153m▊[38;2;173;172;127;48;2;178;176;131m╵[38;2;175;174;133;48;2;41;44;61m▋[38;2;13;19;54;48;2;9;15;44m▊[38;2;14;19;52;48;2;9;13;44m▋[38;2;17;28;66;48;2;23;35;71m┈[38;2;33;52;91;48;2;32;59;104m▗[38;2;23;44;83;48;2;33;56;97m╴[38;2;139;125;119;48;2;35;57;98m▁[38;2;185;168;137;48;2;52;67;99m▁[38;2;70;79;102;48;2;195;167;143m▘[38;2;30;44;76;48;2;35;59;96m▃[38;2;58;101;120;48;2;26;43;61m▘[38;2;83;86;86;48;2;180;166;150m▏[38;2;176;158;140;48;2;177;158;141m▄[48;2;189;186;173m▊[38;2;135;126;119;48;2;27;33;50m▖[38;2;100;94;93;48;2;25;32;52m▖[38;2;18;30;51;48;2;113;122;131m▋[38;2;20;26;44;48;2;9;20;42m╶[38;2;62;63;73;48;2;21;29;49m╻[38;2;161;171;174;48;2;21;31;52m┃[38;2;8;18;44;48;2;10;21;47m▂[38;2;55;58;69;48;2;14;23;44m╲[38;2;110;119;127;48;2;20;33;55m▍[38;2;10;23;48;48;2;9;19;41m▋[38;2;11;24;48;48;2;36;45;59m▉[38;2;156;166;174;48;2;9;24;47m▎[38;2;9;23;49;48;2;12;28;52m▅[38;2;18;33;55;48;2;147;160;164m▊[38;2;21;31;50;48;2;62;64;72m▉[38;2;163;146;132;48;2;9;19;40m▃[38;2;21;27;44;48;2;120;127;130m▋[38;2;9;23;47;48;2;16;53;78m▉[38;2;45;110;158;48;2;26;124;195m▏ [0m
[38;2;26;124;195;48;2;26;124;196m▉[48;2;70;129;158m▉[38;2;150;138;74;48;2;176;191;180m▖[38;2;195;208;192;48;2;125;145;152m▇[38;2;195;208;194;48;2;194;208;190m┊[38;2;197;209;191;48;2;170;168;123m▇[38;2;176;185;169;48;2;12;17;49m▊[38;2;13;19;54;48;2;9;15;45m▊[38;2;10;15;48;48;2;13;18;53m▏[38;2;11;17;50;48;2;98;106;119m▋[38;2;141;148;148;48;2;45;62;94m▃[38;2;54;69;98;48;2;169;148;134m▊[38;2;186;156;132;48;2;225;186;150m▏[38;2;247;201;159;48;2;231;200;155m▇[38;2;102;90;87;48;2;233;193;157m▗[38;2;22;29;59;48;2;19;25;51m╴[38;2;24;36;61;48;2;5;10;29m▘[38;2;10;12;21;48;2;152;141;131m▏[38;2;176;158;139;48;2;177;159;139m─[38;2;177;159;140;48;2;194;186;170m▊[38;2;177;160;142;48;2;168;151;135m┈[38;2;68;64;66;48;2;153;138;125m▚[38;2;145;137;126;48;2;58;65;79m▅[38;2;32;32;36;48;2;10;18;39m▁[38;2;16;21;40;48;2;66;64;73m▇[38;2;170;173;171;48;2;62;62;68m┃[38;2;102;96;96;48;2;12;19;43m▂[38;2;5;16;37;48;2;8;19;42m╴[38;2;50;54;66;48;2;112;113;114m▝[38;2;125;114;108;48;2;15;23;45m▖[38;2;9;21;47;48;2;33;43;57m▉[38;2;154;165;174;48;2;7;21;45m▎[38;2;7;21;47;48;2;8;22;49m▎[38;2;10;25;50;48;2;144;158;161m▊[38;2;16;28;49;48;2;87;81;80m▉[38;2;138;124;113;48;2;163;147;133m┋[38;2;149;140;131;48;2;49;56;58m▉[38;2;135;147;144;48;2;157;175;176m┃[38;2;67;129;172;48;2;27;124;196m▏[48;2;26;124;195m [0m
[7m[38;2;26;124;195m [0m[38;2;27;124;194;48;2;65;117;148m▉[38;2;95;88;46;48;2;190;196;166m▋[38;2;143;142;118;48;2;191;202;183m━[38;2;81;76;53;48;2;175;185;170m▁[38;2;99;83;40;48;2;187;192;164m▁[38;2;168;169;138;48;2;14;17;46m▊[38;2;13;19;54;48;2;9;13;45m▉[38;2;11;16;49;48;2;14;19;55m▏[38;2;24;29;56;48;2;154;167;154m▊[38;2;62;76;92;48;2;168;193;178m▂[38;2;51;63;82;48;2;169;207;187m▄[38;2;80;98;108;48;2;178;206;185m▄[38;2;60;67;76;48;2;158;156;143m▖[38;2;171;167;147;48;2;58;55;56m▋[38;2;147;131;116;48;2;6;7;22m▃[38;2;147;126;110;48;2;20;20;27m▄[38;2;50;44;47;48;2;147;128;116m╹[38;2;146;119;105;48;2;163;141;123m┈[38;2;131;115;100;48;2;157;139;121m╷[38;2;85;66;40;48;2;154;128;91m┎[38;2;35;28;12;48;2;147;118;73m━[38;2;108;84;49;48;2;158;140;111m▏[38;2;135;122;109;48;2;26;20;22m▆[38;2;124;122;120;48;2;3;6;21m▆[38;2;168;154;75;48;2;54;55;59m▃[38;2;170;153;60;48;2;14;14;18m▃[38;2;158;151;72;48;2;14;10;18m▂[38;2;196;193;178;48;2;69;71;76m▁[38;2;113;113;110;48;2;48;39;43m▖[38;2;66;28;31;48;2;9;19;40m▃[38;2;147;144;146;48;2;28;24;42m▎[38;2;7;23;48;48;2;11;20;39m┈[38;2;12;23;42;48;2;125;135;140m▊[38;2;119;104;58;48;2;30;39;54m▂[38;2;82;75;76;48;2;143;128;99m╶[38;2;8;12;21;48;2;99;97;85m┩[38;2;19;20;24;48;2;145;161;163m▅[38;2;53;115;160;48;2;26;124;195m▏[38;2;26;124;196m▏[0m
[7m[38;2;26;124;195m [0m[38;2;26;124;194;48;2;63;121;155m▉[38;2;142;150;133;48;2;7;9;9m▇[38;2;143;143;110;48;2;64;55;20m▇[38;2;55;44;22;48;2;128;107;39m┐[38;2;146;148;124;48;2;71;62;36m▇[38;2;137;143;126;48;2;20;25;52m▋[38;2;13;19;54;48;2;14;17;50m▉[38;2;10;15;48;48;2;13;19;55m▍[38;2;12;17;48;48;2;17;23;53m┈[38;2;24;33;60;48;2;146;182;171m▘[38;2;138;181;162;48;2;179;224;201m╿[38;2;179;225;202;48;2;184;232;207m╶[38;2;107;126;124;48;2;146;175;163m╵[38;2;119;126;119;48;2;148;146;130m▏[38;2;117;120;99;48;2;163;144;127m▃[38;2;117;120;98;48;2;166;147;130m▃[38;2;176;167;149;48;2;141;134;114m▘[38;2;119;120;99;48;2;165;149;128m▃[38;2;123;124;103;48;2;173;151;124m▃[38;2;75;73;55;48;2;165;128;64m▂[38;2;13;10;7;48;2;131;95;37m▃[38;2;75;51;24;48;2;161;143;116m▏[38;2;117;119;98;48;2;175;158;140m▂[38;2;118;120;101;48;2;177;161;144m▂[38;2;189;183;159;48;2;159;152;127m┚[38;2;160;149;126;48;2;230;225;118m▇[38;2;156;144;124;48;2;214;209;107m▆[38;2;132;133;111;48;2;179;170;154m▂[38;2;134;125;115;48;2;52;56;65m▎[38;2;90;89;87;48;2;36;45;56m▍[38;2;147;156;158;48;2;32;44;58m▎[38;2;87;93;81;48;2;10;20;41m▂[38;2;30;42;58;48;2;145;153;149m▊[38;2;145;123;52;48;2;25;34;47m▂[38;2;179;144;44;48;2;19;23;32m▂[38;2;31;33;34;48;2;111;97;46m▚[38;2;55;53;34;48;2;130;116;57m▆[38;2;57;112;145;48;2;27;124;194m▏[38;2;26;124;196;48;2;26;124;195m▏[0m
[38;2;26;124;195;48;2;26;124;196m▉[48;2;61;121;160m▉[38;2;136;143;127;48;2;5;10;6m▇[38;2;136;133;102;48;2;53;53;41m▆[38;2;37;33;23;48;2;142;118;41m╺[38;2;74;67;52;48;2;135;128;88m╵[38;2;127;125;99;48;2;25;29;56m▍[38;2;13;19;53;48;2;13;19;54m╱[38;2;12;16;48;48;2;13;18;51m╻[38;2;13;19;54;48;2;12;18;52m┊[38;2;71;91;100;48;2;167;213;192m▍[38;2;138;178;161;48;2;169;213;192m│[38;2;187;236;209;48;2;186;233;207m╴[38;2;170;213;192;48;2;90;113;110m▉[38;2;150;161;142;48;2;111;118;101m▄[38;2;149;152;131;48;2;118;122;99m▄[48;2;118;121;99m▄[48;2;117;121;99m▄[38;2;147;150;129m▄[38;2;148;151;130;48;2;118;122;99m▄[38;2;15;11;6;48;2;142;133;85m▝[38;2;190;159;45;48;2;91;75;29m━[38;2;94;82;39;48;2;131;134;111m▏[38;2;147;151;130;48;2;118;122;98m▄[38;2;150;153;132;48;2;121;124;103m▃[38;2;149;152;132m▃[38;2;150;153;133;48;2;120;124;101m▃[38;2;149;152;132;48;2;120;123;101m▃[38;2;148;151;130;48;2;119;123;101m▃[38;2;147;150;129;48;2;117;121;99m▃[38;2;146;149;128;48;2;116;120;98m▃[38;2;147;150;129;48;2;116;121;98m▃[38;2;147;150;128;48;2;117;121;99m▃[38;2;16;17;15;48;2;136;129;88m▗[38;2;12;11;11;48;2;127;107;47m▅[38;2;30;28;22;48;2;142;117;43m▇[38;2;190;160;42;48;2;41;38;27m▁[38;2;164;139;46;48;2;23;27;29m▃[38;2;59;115;145;48;2;27;124;194m▏[38;2;26;124;196;48;2;26;124;195m▏[0m
[7m[38;2;26;124;195m [0m[38;2;27;124;194;48;2;63;116;140m▉[38;2;189;159;55;48;2;14;16;17m▄[38;2;79;65;27;48;2;171;149;72m╸[38;2;157;129;43;48;2;76;67;39m▌[38;2;25;25;23;48;2;130;132;113m▂[38;2;84;86;91;48;2;16;22;53m▏[38;2;13;17;53;48;2;14;18;53m┈[38;2;11;15;48;48;2;13;18;53m╿[38;2;10;13;47;48;2;13;18;54m╷[38;2;13;19;48;48;2;124;160;150m▌[38;2;138;183;166;48;2;159;203;184m▇[38;2;147;189;171;48;2;165;210;189m▏[38;2;160;209;189;48;2;179;224;201m▏[38;2;170;205;184;48;2;114;120;103m▉[38;2;127;124;98;48;2;173;158;96m▏[38;2;212;170;43;48;2;151;151;125m▃[38;2;210;168;43;48;2;152;152;126m▃[38;2;124;100;28;48;2;156;149;111m▁[38;2;8;8;4;48;2;131;135;119m▁[38;2;113;115;102;48;2;44;42;31m▌[38;2;69;69;55;48;2;17;13;8m▄[38;2;83;82;66;48;2;150;142;99m▖[38;2;210;167;45;48;2;152;153;129m▃[38;2;211;169;46;48;2;150;152;128m▃[38;2;211;167;44m▃[38;2;50;42;19;48;2;142;142;119m▁[38;2;9;9;5;48;2;135;139;121m▁[38;2;10;11;8;48;2;134;138;120m▁[38;2;13;14;9m▁[38;2;136;111;33;48;2;154;151;113m▁[38;2;210;170;49;48;2;148;151;128m▃[38;2;207;166;45m▃[38;2;194;161;54;48;2;90;89;69m▆[38;2;194;158;32;48;2;69;56;27m▇[38;2;194;159;29;48;2;194;158;32m┈[38;2;201;163;36;48;2;196;159;29m┊[38;2;194;159;33;48;2;158;159;90m▉[38;2;74;125;134;48;2;28;123;193m▏[38;2;26;124;196;48;2;26;124;195m▏[0m
[7m[38;2;26;124;195m [0m[38;2;26;124;194;48;2;65;123;158m▉[38;2;164;165;134;48;2;139;140;117m▂[38;2;142;143;115;48;2;160;156;120m▅[38;2;141;143;113;48;2;175;173;149m▆[38;2;143;143;117;48;2;73;75;76m▉[38;2;12;15;42;48;2;12;18;52m▎[38;2;11;16;50;48;2;13;17;52m╵[38;2;7;12;42;48;2;13;17;53m▗[38;2;11;16;49;48;2;12;17;53m╶[38;2;85;105;107;48;2;10;13;45m▝[38;2;7;19;48;48;2;124;163;149m▄[38;2;7;19;51;48;2;122;154;146m▖[38;2;144;191;173;48;2;178;225;202m▘[38;2;180;222;199;48;2;136;156;133m▉[38;2;138;140;110;48;2;173;150;71m▇[38;2;140;142;112;48;2;187;160;61m▇[38;2;140;141;110;48;2;187;160;59m▇[38;2;139;140;109;48;2;137;120;57m▇[38;2;140;142;113;48;2;46;44;36m▇[38;2;141;143;115;48;2;29;25;16m▇[38;2;140;142;113;48;2;13;11;5m▇[38;2;141;141;112;48;2;93;78;29m▇[38;2;140;140;109;48;2;193;158;41m▇[38;2;140;140;108;48;2;194;158;39m▇[38;2;141;141;108;48;2;193;158;38m▇[38;2;137;138;111;48;2;51;42;18m▇[38;2;137;138;112;48;2;9;8;4m▇[38;2;138;139;113;48;2;8;7;2m▇[38;2;135;136;111;48;2;10;8;2m▇[38;2;144;134;87;48;2;132;109;31m▇[38;2;106;95;56;48;2;178;151;58m▁[38;2;131;114;60;48;2;172;146;62m╶[38;2;38;32;20;48;2;169;148;67m▗[38;2;11;9;8;48;2;180;148;36m▄[38;2;20;19;19;48;2;166;137;37m▅[38;2;33;31;25;48;2;186;156;40m▇[38;2;19;23;27;48;2;64;56;30m▇[38;2;47;106;152;48;2;27;124;195m▏[38;2;26;124;197;48;2;26;124;195m▏[0m
[38;2;26;124;195;48;2;26;124;196m▉[48;2;62;123;157m▉[38;2;139;146;115;48;2;125;130;113m▅[38;2;141;144;109;48;2;125;127;106m▅[38;2;129;132;107;48;2;137;141;110m▘[38;2;135;138;111;48;2;58;61;63m▉[38;2;15;18;45;48;2;14;19;54m▏[38;2;13;17;53;48;2;10;15;48m▉[38;2;12;17;51;48;2;6;5;36m▋[38;2;13;17;53;48;2;6;10;40m▊[38;2;3;4;34;48;2;10;19;50m▊[38;2;21;49;96;48;2;9;24;59m▅[38;2;22;47;90;48;2;20;40;79m╴[38;2;13;25;55;48;2;170;207;190m▆[38;2;21;31;51;48;2;142;165;152m▇[38;2;83;87;83;48;2;132;134;108m▏[38;2;127;130;101;48;2;141;142;112m╸[38;2;123;128;98;48;2;139;140;111m┉[38;2;118;124;94;48;2;138;140;110m╸[38;2;117;122;94;48;2;137;138;109m┉[38;2;115;121;93;48;2;143;143;113m━[38;2;113;122;95;48;2;145;145;115m━[38;2;109;117;90;48;2;145;146;116m━[38;2;108;115;89;48;2;147;148;118m━[38;2;107;115;89;48;2;146;148;117m━[38;2;106;112;87;48;2;147;149;118m━[38;2;109;114;90;48;2;149;149;118m━[38;2;109;113;90;48;2;146;146;116m━[38;2;47;31;14;48;2;166;150;92m▗[38;2;18;16;11;48;2;157;146;100m▄[38;2;28;26;23;48;2;172;153;89m▄[38;2;149;119;36;48;2;46;43;36m▇[38;2;155;124;39;48;2;180;171;160m▉[38;2;137;138;125;48;2;42;40;29m▍[38;2;168;139;39;48;2;11;10;9m▂[38;2;140;119;46;48;2;25;26;25m▃[38;2;21;21;18;48;2;48;48;47m▏[38;2;54;55;56;48;2;42;66;87m▉[38;2;48;109;158;48;2;26;123;194m▏[48;2;26;124;195m [0m
[7m[38;2;26;124;195m [0m[38;2;27;124;195;48;2;60;121;158m▉[38;2;108;119;96;48;2;134;140;118m━[38;2;112;119;92;48;2;136;138;114m━[38;2;121;124;103;48;2;140;144;108m▅[38;2;128;131;108;48;2;14;18;37m▉[38;2;13;17;51;48;2;13;19;55m▏[38;2;7;9;39;48;2;13;17;52m▗[38;2;12;15;48;48;2;2;3;32m▊[38;2;12;15;50;48;2;5;5;34m▋[38;2;3;4;35;48;2;14;26;61m▉[38;2;25;49;94;48;2;15;30;68m▘[38;2;19;39;81;48;2;24;53;101m▘[38;2;16;28;65;48;2;23;50;97m▘[38;2;65;76;99;48;2;162;148;137m▍[38;2;72;86;105;48;2;149;144;118m▃[38;2;117;123;99;48;2;141;143;109m▃[38;2;119;124;99;48;2;140;143;108m▃[38;2;119;125;100;48;2;140;144;108m▃[38;2;114;121;98;48;2;138;141;107m▂[38;2;110;116;93m▂[38;2;105;113;88;48;2;139;141;107m▂[38;2;100;110;83;48;2;140;143;109m▂[38;2;102;110;83;48;2;141;145;111m▂[38;2;104;113;85;48;2;142;145;110m▂[38;2;106;116;87;48;2;140;144;109m▂[38;2;108;117;87;48;2;140;143;108m▂[38;2;112;120;90;48;2;141;144;108m▂[38;2;129;131;109;48;2;27;21;14m▏[38;2;158;126;30;48;2;36;30;15m▅[38;2;166;133;38;48;2;51;19;3m▉[38;2;49;45;41;48;2;150;122;48m─[38;2;169;133;39;48;2;28;14;2m▊[38;2;32;25;15;48;2;168;138;40m▍[38;2;53;29;6;48;2;195;158;33m▂[38;2;44;24;5;48;2;195;157;35m▂[38;2;28;19;4;48;2;194;159;38m▂[38;2;21;18;9;48;2;188;158;46m▂[38;2;70;121;137;48;2;27;123;195m▏[38;2;26;124;197;48;2;26;124;195m▏[0m
[7m[38;2;26;124;195m [0m[38;2;27;124;194;48;2;68;126;160m▉[38;2;137;161;159;48;2;160;160;127m▏[38;2;163;161;127;48;2;160;159;125m▇[38;2;163;161;126;48;2;168;167;130m▆[38;2;165;163;124;48;2;160;158;124m┈[38;2;153;151;122;48;2;18;21;44m▃[38;2;136;136;118;48;2;14;15;42m▁[38;2;11;16;47;48;2;5;8;40m┃[38;2;3;3;31;48;2;4;4;34m┊[38;2;5;9;39;48;2;15;32;71m▉[38;2;13;29;67;48;2;28;58;110m▘[38;2;29;61;113;48;2;22;50;95m▊[38;2;33;66;120;48;2;28;60;113m▄[38;2;20;48;90;48;2;32;62;114m╻[38;2;31;62;110;48;2;37;66;113m┊[38;2;88;100;111;48;2;145;144;117m▎[38;2;163;160;124;48;2;113;114;101m▆[38;2;156;154;121;48;2;104;105;93m▇[38;2;163;160;122;48;2;125;125;111m▅[38;2;163;161;122;48;2;125;127;111m▅[38;2;160;158;123;48;2;125;126;112m▅[38;2;159;157;122;48;2;126;127;114m▅[38;2;159;158;121;48;2;129;129;117m▅[38;2;154;151;119;48;2;129;129;116m▆[38;2;130;131;115;48;2;148;147;118m╹[38;2;163;161;124;48;2;126;127;111m▄[38;2;193;194;171;48;2;123;124;107m▄[38;2;170;141;58;48;2;68;41;16m▌[38;2;29;24;14;48;2;155;124;30m▃[38;2;25;23;20;48;2;141;113;34m▆[38;2;71;45;15;48;2;154;123;39m▂[38;2;225;182;54;48;2;164;130;36m╴[38;2;157;135;66;48;2;19;15;11m▇[38;2;186;160;83;48;2;84;65;33m╾[38;2;205;172;79;48;2;37;23;13m─[38;2;206;172;79;48;2;42;28;14m─[38;2;174;145;54;48;2;24;11;8m▄[38;2;61;117;139;48;2;27;124;194m▏[38;2;26;124;196;48;2;26;124;195m▏[0m
[7m[38;2;26;124;195m [0m[38;2;27;124;195;48;2;57;120;158m▉[38;2;132;145;122;48;2;107;116;98m▂[38;2;130;138;111;48;2;105;111;91m▃[38;2;134;144;118;48;2;103;109;89m▂[38;2;133;143;117;48;2;104;110;89m▂[38;2;129;140;115;48;2;107;113;94m▂[38;2;102;113;87;48;2;113;120;102m┈[38;2;104;114;95;48;2;28;44;75m▆[38;2;91;100;83;48;2;25;38;66m▅[38;2;31;60;107;48;2;7;13;32m▝[38;2;14;18;26;48;2;31;60;108m▄[38;2;65;87;105;48;2;18;32;61m▋[38;2;10;15;28;48;2;37;68;123m▅[38;2;19;30;51;48;2;87;96;96m▊[38;2;101;108;91;48;2;123;131;127m▆[38;2;105;112;96;48;2;163;160;129m▆[38;2;107;113;98;48;2;166;163;128m▆[38;2;102;109;94;48;2;155;154;124m▅[38;2;98;106;91;48;2;159;158;126m▅[38;2;101;107;95;48;2;156;157;125m▅[38;2;106;112;99;48;2;161;161;128m▅[38;2;108;115;102;48;2;165;162;127m▅[38;2;105;113;102;48;2;157;155;125m▄[38;2;101;108;97;48;2;159;158;125m▄[38;2;67;67;59;48;2;158;160;137m─[38;2;97;95;86;48;2;169;170;155m─[38;2;127;131;123;48;2;201;200;188m▄[38;2;143;141;122;48;2;25;22;14m▏[38;2;144;118;39;48;2;20;18;12m▄[38;2;149;118;38;48;2;50;42;27m▆[38;2;155;125;38;48;2;58;29;7m▅[38;2;124;101;48;48;2;160;129;40m╺[38;2;73;60;22;48;2;122;114;83m▝[38;2;113;117;110;48;2;20;19;16m▃[38;2;106;116;120;48;2;36;32;27m▁[38;2;35;14;10;48;2;128;101;32m▄[38;2;31;16;16;48;2;152;123;36m▄[38;2;57;114;143;48;2;27;123;195m▏[48;2;26;124;195m [0m
[7m[38;2;26;124;195m [0m[38;2;0;0;0;48;2;26;124;195m [38;2;26;124;195;48;2;44;123;181m▇[48;2;43;123;178m▇[48;2;44;123;178m▇[48;2;44;123;180m▇[48;2;43;124;181m▇[48;2;44;122;180m▇[48;2;45;123;179m▇[38;2;25;124;195;48;2;44;122;180m▇[38;2;26;124;195;48;2;38;116;180m▇[38;2;25;124;195;48;2;39;118;180m▇[38;2;26;124;195;48;2;42;121;181m▇[48;2;37;117;181m▇[38;2;26;124;196;48;2;28;122;190m┈[38;2;35;60;107;48;2;28;123;192m▃[38;2;31;93;151;48;2;29;118;186m▏[38;2;31;62;111;48;2;29;123;191m▃[38;2;34;80;133;48;2;29;119;186m▂[38;2;31;86;143;48;2;28;116;182m╷[38;2;26;70;127;48;2;31;119;187m╻[38;2;24;124;195;48;2;28;120;188m┈[38;2;26;124;195;48;2;28;109;173m╴[38;2;29;121;189;48;2;20;87;150m▉[38;2;26;53;103;48;2;30;116;182m▁[38;2;32;114;180;48;2;29;124;194m▏[38;2;26;124;195;48;2;51;127;184m▇[48;2;46;126;183m▇[48;2;39;117;178m▇[48;2;52;122;171m▇[38;2;25;124;195;48;2;47;121;171m▇[38;2;26;124;195;48;2;49;122;170m▇[48;2;47;121;171m▇[48;2;40;120;181m▇[48;2;44;123;183m▇[48;2;42;121;181m▇[48;2;39;116;176m▇[48;2;39;117;176m▇[48;2;26;124;195m  [0m
[7m[38;2;26;124;195m [0m[38;2;0;0;0;48;2;26;124;195m             [38;2;27;124;194;48;2;29;109;174m▉[38;2;26;124;195;48;2;30;55;105m▅[38;2;25;124;197;48;2;27;115;183m┈[38;2;27;119;188;48;2;27;47;93m▆[38;2;27;122;191;48;2;28;73;127m▆[38;2;27;81;138;48;2;27;123;193m▝[38;2;15;48;102;48;2;28;119;187m╹[38;2;25;125;195;48;2;26;120;189m╴[38;2;27;124;195;48;2;23;72;127m▅[38;2;28;122;192;48;2;18;86;149m▉[38;2;21;93;155;48;2;28;119;189m▏[38;2;26;124;197;48;2;26;124;195m┊[38;2;26;124;196m▏             [0m
[?25h