[?25l[0m[38;2;255;55;91;48;2;254;55;88m▅[48;2;254;54;89m▇▇▇[38;2;255;56;89;48;2;254;55;90m╼[38;2;254;56;90;48;2;255;55;90m▃[38;2;255;55;91;48;2;254;54;89m▇▇▇[38;2;255;55;89;48;2;254;55;91m▘[38;2;255;55;91;48;2;254;54;90m▇[48;2;254;54;89m▇[48;2;255;54;89m▇[38;2;255;55;90;48;2;251;55;90m╴[38;2;180;49;77;48;2;253;54;91m▁[38;2;196;51;79m▁[38;2;187;48;77;48;2;254;54;91m▁[38;2;254;54;90;48;2;249;53;89m┈[38;2;179;43;72;48;2;254;55;91m▁[38;2;255;54;90;48;2;249;54;89m┈[38;2;183;51;80;48;2;253;54;90m▁[38;2;179;49;75m▁[38;2;199;49;80;48;2;254;54;90m▁[38;2;208;52;81m▁[38;2;193;51;82;48;2;253;54;91m▁[38;2;175;47;74m▁[38;2;254;54;90;48;2;251;54;90m┈[38;2;254;54;91;48;2;255;55;91m▉[38;2;255;55;91;48;2;255;54;89m▇▇▇▇▇[48;2;254;54;89m▇▇▇[48;2;255;54;89m▇▇[48;2;255;55;91m [48;2;254;54;90m▉[0m
[7m[38;2;255;55;91m [0m[38;2;255;55;91;48;2;254;55;91m┊[38;2;232;65;102;48;2;254;56;89m▁[38;2;233;64;101;48;2;254;57;88m▁[38;2;232;66;104;48;2;254;57;91m▁[38;2;229;68;105;48;2;254;58;91m▁[38;2;232;70;106;48;2;254;58;90m▁[38;2;231;72;108;48;2;254;58;91m▁[38;2;232;76;109;48;2;254;57;91m▁[38;2;232;77;110m▁[38;2;231;73;108;48;2;254;56;91m▁[38;2;229;69;106m▁[38;2;228;70;106m▁[38;2;255;56;89;48;2;246;57;92m┈[38;2;248;57;93;48;2;167;44;72m▇[38;2;249;57;93;48;2;189;47;77m▇[38;2;248;57;93;48;2;176;43;72m▇[38;2;255;55;91;48;2;243;56;92m╴[38;2;249;57;93;48;2;178;41;71m▇[38;2;255;55;90;48;2;243;55;91m┈[38;2;249;57;93;48;2;170;44;74m▇[38;2;249;56;93;48;2;171;44;72m▇[38;2;249;56;94;48;2;185;44;74m▇[38;2;249;57;94;48;2;198;48;77m▇[48;2;182;47;78m▇[38;2;249;57;95;48;2;153;45;68m▇[38;2;254;55;90;48;2;246;57;92m┈[38;2;229;72;109;48;2;254;56;92m▁[38;2;229;75;113m▁[38;2;233;80;113m▁[38;2;236;82;111;48;2;254;56;91m▁[38;2;239;82;110m▁[38;2;238;81;107;48;2;254;56;90m▁[38;2;239;80;106m▁[38;2;240;79;105m▁[38;2;240;77;104m▁[38;2;243;78;105;48;2;254;56;91m▁[38;2;242;83;108;48;2;254;55;90m▁[48;2;255;55;91m [38;2;254;54;90m▖[0m
[38;2;254;54;90;48;2;255;55;91m▘[38;2;253;54;90;48;2;210;73;122m▉[38;2;109;137;182;48;2;94;114;162m▃[38;2;101;130;177;48;2;91;114;160m▄[38;2;102;132;177;48;2;93;116;160m▄[38;2;102;134;181;48;2;95;118;163m▄[38;2;106;138;184;48;2;98;124;169m▃[38;2;100;124;168;48;2;115;143;187m▘[38;2;117;119;137;48;2;129;153;192m▁[38;2;122;128;148;48;2;168;174;191m╱[38;2;244;221;203;48;2;106;126;168m▄[38;2;248;223;205;48;2;98;119;162m▄[38;2;242;218;200;48;2;93;116;163m▄[38;2;235;154;134;48;2;104;126;169m▃[38;2;240;123;99;48;2;103;124;166m▄[38;2;235;120;97;48;2;99;118;159m▅[38;2;244;124;98;48;2;115;126;158m▅[38;2;243;129;104;48;2;124;133;161m▅[38;2;248;132;107;48;2;151;150;169m▄[38;2;224;182;163;48;2;106;127;170m▄[38;2;233;209;186;48;2;125;140;173m▂[38;2;180;183;187;48;2;104;126;173m▃[38;2;100;130;176;48;2;108;135;179m╴[38;2;107;143;189;48;2;105;131;178m▄[38;2;132;167;202;48;2;105;135;181m▂[38;2;141;174;204;48;2;106;137;181m▂[38;2;134;165;198;48;2;109;141;183m▂[38;2;138;168;199;48;2;121;148;186m▄[38;2;165;185;206;48;2;135;159;191m▄[38;2;156;175;199;48;2;201;209;217m▘[38;2;236;237;235;48;2;209;209;214m▆[38;2;248;247;243;48;2;213;212;217m▃[38;2;224;223;223;48;2;197;198;207m▂[38;2;238;238;236;48;2;194;195;205m▂[38;2;245;244;241;48;2;196;196;205m▃[38;2;251;251;248;48;2;198;195;203m▄[38;2;252;250;247;48;2;219;212;214m▅[38;2;250;248;244;48;2;235;225;221m▆[38;2;221;128;139;48;2;252;55;91m▏[38;2;254;54;91;48;2;254;54;90m▉[0m
[38;2;255;55;91;48;2;254;54;90m▉[38;2;253;54;90;48;2;203;83;128m▉[38;2;82;110;158;48;2;102;130;178m▄[38;2;77;108;154;48;2;94;124;171m▆[38;2;74;104;148;48;2;83;113;159m▃[38;2;80;110;157;48;2;97;128;176m▄[38;2;86;116;166;48;2;105;135;183m▅[38;2;103;73;54;48;2;92;117;161m▗[38;2;110;69;43;48;2;117;98;96m▇[38;2;129;100;81;48;2;231;205;184m▏[38;2;222;196;178;48;2;245;220;198m▂[38;2;211;110;93;48;2;241;212;191m▄[38;2;230;92;71;48;2;232;156;131m▆[38;2;226;82;65;48;2;242;98;72m▅[38;2;236;110;86;48;2;233;98;76m╵[38;2;211;81;66;48;2;239;124;96m▅[38;2;197;76;62;48;2;223;95;76m╸[38;2;216;92;73;48;2;232;120;97m▅[38;2;176;86;76;48;2;226;156;131m▃[38;2;206;123;105;48;2;225;176;153m┻[38;2;234;212;188;48;2;226;185;160m▉[38;2;242;222;199;48;2;228;173;151m▃[38;2;231;220;200;48;2;155;175;195m▆[38;2;183;193;200;48;2;162;183;205m▏[38;2;129;159;193;48;2;154;181;205m▄[38;2;155;174;201;48;2;181;198;210m▄[38;2;190;200;211;48;2;159;183;202m▇[38;2;228;229;227;48;2;189;200;213m▆[38;2;251;250;245;48;2;212;216;220m▇[38;2;233;225;217;48;2;251;250;245m▂[38;2;237;230;223;48;2;254;255;252m▃[38;2;241;236;228;48;2;254;254;251m▃[38;2;252;250;242;48;2;253;253;249m╴[38;2;255;255;255;48;2;255;254;252m▇[38;2;255;255;254;48;2;255;255;255m▝[38;2;254;254;247;48;2;254;254;252m▗[38;2;254;255;252;48;2;253;253;248m▁[38;2;253;253;251;48;2;255;243;245m▉[38;2;222;134;149;48;2;251;55;92m▏[38;2;255;55;92;48;2;254;54;91m▉[0m
[38;2;254;54;89;48;2;255;55;91m▍[38;2;253;54;90;48;2;200;73;118m▉[38;2;104;102;145;48;2;79;109;159m▏[38;2;84;116;162;48;2;73;104;150m▅[38;2;86;116;162;48;2;75;104;149m▄[38;2;87;120;166;48;2;76;106;153m▅[38;2;87;120;168;48;2;82;115;164m▆[38;2;98;121;164;48;2;91;58;41m▍[38;2;98;55;30;48;2;79;41;21m▊[38;2;80;48;34;48;2;200;175;158m▎[38;2;209;174;155;48;2;156;67;68m▌[38;2;158;38;42;48;2;205;64;51m▅[38;2;180;61;52;48;2;201;65;52m▖[38;2;218;70;55;48;2;214;68;53m┊[38;2;183;55;45;48;2;194;69;57m┈[38;2;181;134;116;48;2;196;73;63m▃[38;2;147;125;113;48;2;198;96;83m▂[38;2;198;159;138;48;2;199;101;85m▅[38;2;214;165;146;48;2;164;71;64m▋[38;2;214;181;161;48;2;170;82;78m━[38;2;143;94;90;48;2;235;210;187m╸[38;2;254;230;203;48;2;253;232;207m▃[38;2;254;233;208;48;2;251;231;206m┊[38;2;158;173;179;48;2;208;204;193m┗[38;2;178;195;210;48;2;131;160;192m▏[38;2;145;167;196;48;2;132;159;191m▝[38;2;164;177;199;48;2;196;200;207m▊[38;2;185;184;197;48;2;242;241;236m▃[38;2;187;184;197;48;2;233;227;220m▄[38;2;183;182;198;48;2;207;198;203m▃[38;2;187;188;200;48;2;212;207;208m▂[38;2;205;205;207;48;2;238;235;225m▄[38;2;216;214;214;48;2;251;250;243m▄[38;2;243;237;235;48;2;253;253;250m▁[38;2;241;235;235;48;2;254;254;252m▁[38;2;249;248;246m▂[38;2;245;246;243;48;2;253;253;252m▗[38;2;236;232;232;48;2;252;251;250m▃[38;2;220;127;141;48;2;253;55;92m▏[38;2;255;56;90;48;2;255;55;92m▏[0m
[38;2;254;54;90;48;2;255;55;91m▌[38;2;253;54;90;48;2;197;81;126m▉[38;2;115;117;160;48;2;93;121;173m▏[38;2;96;128;174;48;2;89;121;167m▃[38;2;105;134;176;48;2;92;122;167m▃[38;2;105;130;170;48;2;93;122;165m▅[38;2;115;135;172;48;2;98;124;168m▂[38;2;101;120;159;48;2;64;38;24m▌[38;2;86;47;23;48;2;54;24;10m▉[38;2;52;20;9;48;2;180;155;138m▍[38;2;212;160;149;48;2;128;37;48m▏[38;2;130;41;53;48;2;108;20;34m╹[38;2;109;18;32;48;2;161;44;44m╴[38;2;211;60;50;48;2;199;57;45m╴[38;2;186;56;48;48;2;232;198;176m▍[38;2;154;130;114;48;2;248;217;196m▘[38;2;74;39;27;48;2;207;173;131m▝[38;2;154;126;110;48;2;230;202;176m▘[38;2;253;221;197;48;2;207;116;100m▄[38;2;219;190;165;48;2;199;86;72m▅[38;2;136;91;69;48;2;194;174;156m▋[38;2;147;100;93;48;2;246;221;195m▆[38;2;161;87;88;48;2;242;210;187m▄[38;2;229;187;168;48;2;252;225;200m▁[38;2;231;205;184;48;2;151;165;181m▆[38;2;219;214;207;48;2;133;161;193m▄[38;2;125;154;191;48;2;141;162;193m╴[38;2;150;165;197;48;2;162;171;197m▇[38;2;161;180;210;48;2;157;168;197m▁[38;2;171;186;214;48;2;161;170;197m▂[38;2;189;198;218;48;2;168;176;200m▃[38;2;236;237;240;48;2;181;187;206m▃[38;2;235;235;236;48;2;212;209;216m▃[38;2;225;221;225;48;2;234;224;228m▇[38;2;222;223;226;48;2;233;228;230m▄[38;2;228;227;228;48;2;235;235;235m▃[38;2;233;233;233;48;2;242;243;241m▇[38;2;230;230;230;48;2;248;223;222m▉[38;2;225;129;143;48;2;253;55;91m▏[38;2;255;56;89;48;2;255;55;91m▏[0m
[38;2;255;55;91;48;2;254;54;90m├[38;2;253;54;91;48;2;204;90;132m▉[38;2;124;148;191;48;2;110;135;181m▃[38;2;120;148;188;48;2;109;140;184m▄[38;2;145;163;194;48;2;121;148;187m▅[38;2;176;181;198;48;2;138;154;186m▆[38;2;210;206;208;48;2;161;168;188m▅[38;2;202;203;207;48;2;83;65;59m▋[38;2;172;149;129;48;2;87;56;40m╺[38;2;128;40;48;48;2;158;120;107m▗[38;2;109;12;29;48;2;102;13;29m▋[38;2;99;14;30;48;2;132;67;73m▉[38;2;176;131;117;48;2;117;39;50m▘[38;2;156;83;81;48;2;140;35;41m▗[38;2;192;77;66;48;2;210;163;144m▘[38;2;228;204;178;48;2;246;213;187m┈[38;2;254;219;194;48;2;249;211;186m▇[38;2;254;222;197;48;2;222;182;160m▉[38;2;190;93;87;48;2;245;214;190m▃[38;2;191;134;122;48;2;249;218;194m▖[38;2;235;200;169;48;2;248;218;189m╵[38;2;236;200;176;48;2;155;65;63m▎[38;2;152;84;86;48;2;207;170;155m▊[38;2;202;160;144;48;2;209;167;150m╲[38;2;209;172;156;48;2;227;207;191m▍[38;2;218;200;182;48;2;239;222;205m╹[38;2;177;184;192;48;2;248;232;214m▝[38;2;217;216;213;48;2;163;182;211m▆[38;2;227;229;231;48;2;185;201;222m▃[38;2;222;227;235;48;2;187;200;224m▅[38;2;205;213;232;48;2;215;219;229m▂[38;2;207;213;232;48;2;221;223;230m▅[38;2;210;214;228;48;2;217;221;230m▅[38;2;222;221;222;48;2;212;216;226m▂[38;2;248;247;242;48;2;214;217;224m▂[38;2;251;250;248;48;2;221;223;225m▃[38;2;251;251;249;48;2;231;232;231m▃[38;2;250;250;247;48;2;234;232;232m▄[38;2;220;115;133;48;2;252;54;90m▏[38;2;255;55;89;48;2;255;55;91m▏[0m
[38;2;254;54;90;48;2;255;55;91m▏[38;2;253;55;92;48;2;206;95;136m▉[38;2;146;144;184;48;2;123;153;195m▏[38;2;154;173;202;48;2;132;159;195m▂[38;2;183;192;209;48;2;161;173;199m▃[38;2;223;193;182;48;2;220;218;217m▁[38;2;191;77;63;48;2;246;242;238m▁[38;2;204;180;172;48;2;118;73;68m▊[38;2;217;173;155;48;2;129;69;67m━[38;2;146;73;74;48;2;114;28;41m▏[38;2;96;11;26;48;2;101;11;28m┍[38;2;94;11;25;48;2;103;11;29m▘[38;2;138;30;39;48;2;117;19;32m┎[38;2;103;14;28;48;2;90;9;26m▋[38;2;105;35;44;48;2;237;208;185m▊[38;2;254;222;195;48;2;254;221;194m┈[38;2;255;221;194;48;2;255;221;195m╴[38;2;232;189;169;48;2;253;220;194m▁[38;2;251;219;193;48;2;242;152;131m▅[38;2;162;107;104;48;2;238;198;175m▂[38;2;116;37;47;48;2;223;182;162m▅[38;2;121;31;41;48;2;157;143;154m▊[38;2;176;139;144;48;2;168;177;196m▖[38;2;193;206;221;48;2;196;196;195m▅[38;2;197;205;217;48;2;249;229;207m▅[38;2;203;204;209;48;2;251;231;210m▃[38;2;231;213;189;48;2;250;231;209m▁[38;2;251;233;211;48;2;251;232;210m┊[38;2;240;217;200;48;2;250;230;209m▝[38;2;206;191;190;48;2;229;211;202m┕[38;2;191;192;206;48;2;197;206;229m▅[38;2;182;191;211;48;2;192;201;223m▃[38;2;188;195;209;48;2;202;207;220m▄[38;2;194;198;208;48;2;214;212;214m▅[38;2;207;206;216;48;2;236;235;235m━[38;2;249;249;248;48;2;219;217;219m▃[38;2;224;222;221;48;2;238;238;233m▘[38;2;219;216;216;48;2;250;249;244m▃[38;2;221;108;129;48;2;252;54;91m▏[38;2;255;55;91;48;2;254;54;90m▉[0m
[38;2;255;56;92;48;2;255;55;91m▅[38;2;253;56;93;48;2;216;109;142m▉[38;2;192;196;214;48;2;146;165;198m▆[38;2;224;226;229;48;2;182;191;209m▅[38;2;239;237;231;48;2;204;207;213m▅[38;2;153;59;57;48;2;208;163;154m▅[38;2;146;74;71;48;2;202;156;151m▆[38;2;136;70;83;48;2;93;22;35m╴[38;2;25;6;12;48;2;100;11;29m▁[38;2;91;10;27;48;2;97;12;27m╴[38;2;187;87;78;48;2;114;21;32m▁[38;2;147;104;101;48;2;77;25;33m╼[38;2;212;163;148;48;2;91;43;48m━[38;2;216;192;172;48;2;91;9;22m▆[38;2;243;220;197;48;2;137;71;73m▅[38;2;227;171;153;48;2;242;207;183m╾[38;2;230;195;171;48;2;252;219;191m▁[38;2;243;205;180;48;2;135;89;84m▊[38;2;179;149;136;48;2;103;32;42m▂[38;2;183;137;123;48;2;97;15;31m▂[38;2;164;137;133;48;2;98;32;43m▖[38;2;97;20;34;48;2;178;145;149m▘[38;2;186;138;141;48;2;193;189;199m▝[38;2;181;99;94;48;2;191;183;193m▖[38;2;190;193;202;48;2;186;198;217m▁[38;2;221;206;192;48;2;175;188;209m▂[38;2;190;190;194;48;2;227;203;187m╴[38;2;236;199;178;48;2;243;217;194m┓[38;2;242;212;189;48;2;246;224;200m▖[38;2;252;228;204;48;2;248;225;201m┊[38;2;252;225;202;48;2;237;208;191m╴[38;2;219;201;197;48;2;180;186;200m▄[38;2;251;251;249;48;2;205;209;215m╺[38;2;251;253;250;48;2;231;232;234m▇[38;2;223;224;223;48;2;253;254;252m▃[38;2;206;209;215;48;2;250;250;248m▄[38;2;195;201;212;48;2;230;231;228m▅[38;2;177;184;207;48;2;204;204;210m▄[38;2;205;104;130;48;2;253;54;90m▏[38;2;254;55;90;48;2;255;55;91m▎[0m
[38;2;254;56;92;48;2;255;56;91m╺[38;2;253;55;93;48;2;224;126;149m▉[38;2;240;240;241;48;2;202;203;218m▄[38;2;144;141;146;48;2;216;217;220m▁[38;2;63;56;68;48;2;217;214;213m▄[38;2;17;11;20;48;2;44;34;44m┈[38;2;12;8;14;48;2;31;25;36m━[38;2;15;9;16;48;2;26;19;30m━[38;2;17;13;21;48;2;7;4;8m▌[38;2;99;51;50;48;2;192;75;65m▋[38;2;206;61;48;48;2;238;206;182m▍[38;2;250;227;202;48;2;234;209;186m╴[38;2;227;197;174;48;2;71;54;56m▅[38;2;201;165;147;48;2;88;76;74m▂[38;2;73;60;57;48;2;172;154;140m▃[38;2;142;135;122;48;2;220;197;173m╺[38;2;112;103;95;48;2;233;190;171m╴[38;2;225;131;120;48;2;237;213;189m▂[38;2;231;204;180;48;2;247;222;196m▁[38;2;226;203;182;48;2;187;152;137m▅[38;2;195;162;147;48;2;225;192;172m┒[38;2;202;82;74;48;2;207;170;154m▂[38;2;180;104;92;48;2;211;172;156m▋[38;2;221;172;150;48;2;231;198;177m╴[38;2;228;191;167;48;2;239;208;186m▂[38;2;228;197;175;48;2;243;212;188m╸[38;2;227;200;177;48;2;248;217;194m╶[38;2;231;185;169;48;2;243;214;191m▁[38;2;223;182;167;48;2;243;213;190m▃[38;2;216;193;186;48;2;248;219;197m▅[38;2;212;216;226;48;2;226;195;182m▃[38;2;198;186;182;48;2;229;225;225m╹[38;2;248;251;249;48;2;220;225;231m▇[38;2;243;247;243;48;2;227;232;229m▌[38;2;220;224;223;48;2;211;214;219m▃[38;2;183;198;215;48;2;202;208;217m▁[38;2;156;178;204;48;2;183;193;211m▃[38;2;144;164;197;48;2;162;175;204m▅[38;2;191;97;129;48;2;252;54;92m▏[38;2;254;55;90;48;2;255;56;91m▎[0m
[7m[38;2;255;55;91m [0m[38;2;253;55;91;48;2;210;99;123m▉[38;2;65;51;66;48;2;219;213;215m▅[38;2;38;29;42;48;2;43;35;47m┈[38;2;37;28;40;48;2;35;28;39m╴[38;2;29;22;33;48;2;34;26;36m▃[38;2;29;23;31;48;2;26;21;28m▘[38;2;23;18;26;48;2;16;11;18m▚[38;2;3;3;6;48;2;11;8;11m┊[38;2;84;69;64;48;2;214;167;150m▘[38;2;236;193;173;48;2;223;161;140m▇[38;2;254;224;200;48;2;245;219;195m╴[38;2;221;191;167;48;2;234;210;187m┯[38;2;172;143;127;48;2;244;213;189m▏[38;2;254;221;196;48;2;199;177;162m▇[38;2;255;222;197;48;2;249;217;191m┈[38;2;220;185;163;48;2;208;103;96m▖[38;2;129;20;36;48;2;223;83;81m▂[38;2;165;52;59;48;2;203;140;127m▆[38;2;163;57;62;48;2;209;182;163m▅[38;2;180;69;67;48;2;217;158;144m▇[38;2;153;40;42;48;2;209;70;65m╸[38;2;214;163;148;48;2;193;72;74m▝[38;2;247;215;195;48;2;222;191;172m╴[38;2;216;188;174;48;2;234;205;181m▄[38;2;226;177;159;48;2;236;216;202m━[38;2;248;246;245;48;2;226;185;168m▄[38;2;254;255;254;48;2;221;191;180m▅[38;2;248;248;248;48;2;214;202;200m▇[38;2;254;254;254;48;2;214;219;223m▅[38;2;253;254;253;48;2;235;237;239m▆[38;2;248;252;248;48;2;254;255;253m▁[38;2;232;241;235;48;2;248;251;248m▝[38;2;246;251;247;48;2;228;235;230m▅[38;2;228;235;232;48;2;207;215;221m▌[38;2;184;197;214;48;2;165;182;206m▍[38;2;158;175;199;48;2;145;168;198m▖[38;2;151;170;198;48;2;138;159;192m━[38;2;190;100;130;48;2;253;53;90m▏[48;2;255;55;91m [0m
[38;2;255;55;91;48;2;255;56;93m▉[38;2;253;55;90;48;2;189;50;80m▉[38;2;23;15;23;48;2;37;25;37m┏[38;2;31;24;32;48;2;27;21;29m▇[38;2;25;19;27;48;2;29;23;31m▁[38;2;24;19;26;48;2;27;21;29m╏[38;2;26;20;28;48;2;21;16;24m▊[38;2;22;16;25;48;2;8;5;11m▘[38;2;20;16;18;48;2;170;136;123m▌[38;2;216;168;150;48;2;215;167;150m▂[38;2;215;166;149;48;2;219;168;151m╴[38;2;207;166;147;48;2;236;207;185m╾[38;2;198;175;162;48;2;236;208;185m╴[38;2;255;217;192;48;2;253;219;194m╴[38;2;137;103;95;48;2;238;206;183m▁[38;2;115;83;77;48;2;245;214;188m▄[38;2;170;96;93;48;2;214;181;160m▄[38;2;170;85;87;48;2;148;36;47m▁[38;2;210;71;72;48;2;140;31;41m▆[38;2;218;118;110;48;2;190;72;73m▄[38;2;129;40;47;48;2;211;130;120m▝[38;2;191;64;68;48;2;115;19;33m▃[38;2;201;126;120;48;2;132;31;43m▗[38;2;135;75;75;48;2;38;15;13m▎[38;2;54;41;40;48;2;234;234;236m▍[38;2;235;240;236;48;2;253;253;251m▁[38;2;254;254;252;48;2;253;253;252m┊[38;2;252;253;250;48;2;255;255;254m▂[38;2;243;244;242;48;2;253;253;252m▗[38;2;233;233;233;48;2;250;250;248m▁[38;2;222;224;226;48;2;248;249;246m▂[38;2;212;216;221;48;2;246;251;245m▄[38;2;194;202;214;48;2;235;241;237m▄[38;2;165;180;204;48;2;215;224;225m▅[38;2;159;177;203;48;2;193;202;216m▃[38;2;153;175;201;48;2;176;191;209m▄[38;2;150;171;198;48;2;125;154;188m▘[38;2;106;137;178;48;2;116;146;185m▅[38;2;175;90;123;48;2;252;54;90m▏[38;2;254;55;90;48;2;255;55;91m▏[0m
[38;2;254;54;90;48;2;255;55;90m▌[38;2;253;55;91;48;2;205;91;116m▉[38;2;110;103;108;48;2;26;18;25m▖[38;2;13;9;16;48;2;26;20;27m▗[38;2;18;14;21;48;2;25;20;27m▘[38;2;26;21;28;48;2;21;16;24m▉[38;2;24;18;27;48;2;9;6;13m▘[38;2;130;104;96;48;2;7;5;9m▗[38;2;144;116;106;48;2;213;166;150m▏[38;2;220;171;154;48;2;220;173;155m╴[38;2;217;180;161;48;2;244;211;189m▎[38;2;252;219;197;48;2;250;219;196m┊[38;2;215;192;174;48;2;239;212;193m╺[38;2;138;113;106;48;2;200;164;150m╶[38;2;149;117;106;48;2;26;18;20m▚[38;2;231;193;173;48;2;152;111;102m▇[38;2;235;196;179;48;2;210;143;137m▆[38;2;238;196;181;48;2;186;120;116m▇[38;2;234;191;171;48;2;183;73;75m▄[38;2;246;206;184;48;2;239;196;175m┈[38;2;225;83;83;48;2;228;174;157m▝[38;2;240;198;178;48;2;204;72;72m▃[38;2;241;204;184;48;2;211;87;86m▃[38;2;202;119;111;48;2;52;21;21m▍[38;2;90;80;82;48;2;208;210;218m▎[38;2;217;220;223;48;2;239;244;238m▂[38;2;212;217;223;48;2;242;245;242m▅[38;2;217;221;229;48;2;241;243;241m▃[38;2;246;248;245;48;2;232;233;234m▘[38;2;193;202;219;48;2;220;223;227m▗[38;2;166;181;209;48;2;203;209;221m▄[38;2;151;170;203;48;2;183;193;214m▄[38;2;144;163;198;48;2;162;177;206m▃[38;2;123;149;188;48;2;148;166;199m▄[38;2;119;148;187;48;2;136;161;196m▆[38;2;138;164;193;48;2;141;167;197m▆[38;2;130;159;190;48;2;120;149;185m▋[38;2;115;145;184;48;2;108;137;177m▖[38;2;174;90;124;48;2;252;55;91m▏[48;2;255;55;91m [0m
[38;2;254;54;90;48;2;255;55;90m▏[38;2;253;54;90;48;2;229;126;145m▉[38;2;227;223;224;48;2;71;67;73m▋[38;2;23;17;25;48;2;11;8;14m▎[38;2;28;21;31;48;2;27;20;30m┊[38;2;24;18;28;48;2;11;8;14m▘[38;2;3;4;7;48;2;14;11;14m┊[38;2;83;69;65;48;2;207;165;149m▘[38;2;211;177;157;48;2;235;196;173m╸[38;2;210;170;152;48;2;235;201;179m┊[38;2;251;217;193;48;2;246;213;191m╴[38;2;250;216;194;48;2;249;217;194m▌[38;2;224;191;174;48;2;252;217;194m▁[38;2;248;217;193;48;2;217;173;156m▘[38;2;225;174;157;48;2;216;168;152m┈[38;2;222;178;159;48;2;240;199;178m╴[38;2;172;147;132;48;2;236;201;183m╷[38;2;234;183;173;48;2;248;215;192m▃[38;2;249;215;194;48;2;246;215;194m▘[38;2;246;214;190;48;2;249;214;193m▅[38;2;249;215;189;48;2;249;214;192m╺[38;2;228;181;167;48;2;246;210;190m▁[38;2;241;204;184;48;2;191;165;150m▉[38;2;72;60;59;48;2;172;168;174m┛[38;2;203;207;219;48;2;214;219;233m▉[38;2;176;190;218;48;2;200;207;225m▗[38;2;173;187;215;48;2;191;200;221m▅[38;2;181;193;216;48;2;196;205;224m▆[38;2;185;196;219;48;2;205;211;228m▅[38;2;169;185;211;48;2;189;200;219m▝[38;2;180;193;212;48;2;151;172;202m▖[38;2;134;160;194;48;2;143;165;199m▅[38;2;135;159;192;48;2;124;151;190m▚[38;2;140;162;191;48;2;112;141;182m▄[38;2;134;157;187;48;2;113;142;181m▆[38;2;123;149;184;48;2;130;157;189m▇[38;2;139;163;194;48;2;130;155;189m▗[38;2;144;163;193;48;2;115;143;181m▃[38;2;178;94;127;48;2;252;54;92m▏[38;2;254;56;92;48;2;254;55;91m┗[0m
[38;2;255;55;91;48;2;255;55;90m▊[38;2;253;55;91;48;2;232;117;141m▉[38;2;209;191;194;48;2;228;221;222m╸[38;2;201;193;196;48;2;36;32;38m▖[38;2;25;19;29;48;2;13;10;18m▘[38;2;9;7;11;48;2;4;4;7m▘[38;2;5;4;4;48;2;180;150;141m▊[38;2;248;209;184;48;2;227;180;161m▗[38;2;223;189;170;48;2;242;207;184m╶[38;2;251;216;194;48;2;247;212;190m┊[38;2;96;76;72;48;2;246;212;190m▂[38;2;32;19;26;48;2;213;184;164m▄[38;2;79;59;58;48;2;189;143;131m▖[38;2;197;156;144;48;2;210;159;146m╴[38;2;218;166;151;48;2;217;167;152m╴[38;2;229;183;167;48;2;222;173;157m▝[38;2;206;168;154;48;2;226;186;169m┌[38;2;238;197;177;48;2;246;212;191m▖[38;2;247;212;190;48;2;246;214;191m▁[38;2;246;213;190;48;2;247;212;190m▌[38;2;246;212;190;48;2;248;213;191m▅[38;2;249;213;191;48;2;248;210;188m╴[38;2;190;166;154;48;2;238;203;182m╶[38;2;193;183;180;48;2;209;213;223m▏[38;2;206;211;221;48;2;204;209;219m▎[38;2;213;221;234;48;2;184;200;219m▎[38;2;165;186;211;48;2;186;200;216m▂[38;2;163;183;208;48;2;184;197;214m▄[38;2;144;169;198;48;2;166;185;210m▂[38;2;160;181;207;48;2;184;196;216m▅[38;2;161;182;206;48;2;181;193;212m▆[38;2;153;174;200;48;2;144;167;197m▊[38;2;137;163;194;48;2;135;160;193m╴[38;2;121;148;187;48;2;133;157;190m▆[38;2;102;133;178;48;2;110;141;180m▆[38;2;93;125;172;48;2;113;143;182m▅[38;2;85;120;167;48;2;112;142;183m▅[38;2;96;127;172;48;2;119;146;186m▅[38;2;180;92;125;48;2;252;54;90m▏[38;2;254;56;90;48;2;255;55;91m▏[0m
[7m[38;2;255;55;91m [0m[38;2;253;55;90;48;2;203;67;98m▉[38;2;81;76;90;48;2;210;201;204m▇[38;2;70;70;87;48;2;160;156;161m▆[38;2;41;39;50;48;2;6;4;9m▏[38;2;14;1;3;48;2;3;2;5m▁[38;2;13;1;3;48;2;2;2;5m▁[38;2;15;9;12;48;2;173;138;124m▄[38;2;16;9;12;48;2;224;188;169m▄[38;2;13;6;11;48;2;163;134;123m▆[38;2;9;2;4;48;2;12;3;11m▂[38;2;121;93;89;48;2;10;2;7m▝[38;2;201;156;145;48;2;214;164;149m╴[38;2;227;165;150;48;2;216;165;151m▁[38;2;227;166;151;48;2;215;165;150m▁[38;2;226;164;149;48;2;216;166;151m▁[38;2;180;136;123;48;2;216;163;150m╵[38;2;228;172;157;48;2;221;154;153m▂[38;2;235;189;173;48;2;238;196;177m╴[38;2;243;202;183;48;2;245;212;189m▖[38;2;249;211;191;48;2;246;212;189m▁[38;2;246;205;184;48;2;249;211;189m╶[38;2;222;169;161;48;2;238;197;180m╾[38;2;235;197;176;48;2;215;198;192m╴[38;2;220;213;221;48;2;205;210;219m▁[38;2;205;212;224;48;2;145;168;201m▍[38;2;127;155;193;48;2;140;166;201m▆[38;2;123;153;189;48;2;139;165;198m▇[38;2;133;148;184;48;2;117;150;188m▁[38;2;159;180;204;48;2;132;159;191m▝[38;2;151;172;199;48;2;167;186;207m▄[38;2;159;179;204;48;2;152;172;200m▘[38;2;140;164;195;48;2;128;154;188m▋[38;2;109;137;177;48;2;117;145;184m▗[38;2;96;127;169;48;2;109;136;178m▄[38;2;94;126;170;48;2;82;117;162m▘[38;2;91;126;174;48;2;79;117;165m▗[38;2;99;130;177;48;2;88;121;168m▅[38;2;176;88;124;48;2;252;54;90m▏[48;2;255;55;91m [0m
[38;2;255;55;89;48;2;255;55;91m▅[38;2;255;55;91;48;2;254;55;91m┈[38;2;254;55;90;48;2;227;57;90m▇[48;2;226;56;91m▇[38;2;254;55;91;48;2;223;56;90m▇[48;2;222;54;89m▇[38;2;254;55;90;48;2;222;53;89m▇[48;2;223;54;88m▇[48;2;223;53;87m▇[48;2;223;54;89m▇[38;2;254;55;91;48;2;223;54;88m▇[48;2;224;57;90m▇[38;2;254;55;90;48;2;240;71;94m▇[38;2;254;54;91;48;2;241;71;94m▇[38;2;253;54;92;48;2;248;56;91m┈[38;2;116;33;65;48;2;239;56;90m▂[38;2;196;49;79;48;2;242;55;89m▏[38;2;114;30;60;48;2;240;56;89m▂[38;2;166;42;75;48;2;245;57;90m▖[38;2;254;53;91;48;2;234;54;88m╴[38;2;172;38;66;48;2;243;57;91m╻[38;2;254;53;90;48;2;244;56;90m┈[48;2;223;52;83m╴[38;2;252;52;89;48;2;238;54;88m┈[38;2;251;53;89;48;2;222;53;88m┈[38;2;250;54;90;48;2;229;74;107m▇[38;2;254;54;90;48;2;225;70;106m▇[38;2;254;55;91;48;2;226;71;107m▇[48;2;225;72;109m▇[38;2;255;55;91;48;2;223;74;110m▇[38;2;254;55;91;48;2;223;75;110m▇[38;2;254;55;90;48;2;227;78;111m▇[48;2;226;75;111m▇[38;2;255;55;90;48;2;220;72;109m▇[38;2;254;55;90;48;2;217;71;107m▇▇[48;2;216;68;107m▇[38;2;254;54;90;48;2;215;70;111m▇[38;2;255;55;91;48;2;254;55;91m┈[48;2;255;55;91m [0m
[38;2;255;55;91;48;2;255;55;90m▇[38;2;255;56;89m▝[38;2;255;56;87m▁▁[48;2;255;55;89m▁[38;2;255;55;90;48;2;255;56;88m▅▅[38;2;255;56;87;48;2;255;55;91m▁[38;2;254;58;89m▁[38;2;255;58;88;48;2;255;55;90m▁[38;2;255;56;90;48;2;255;56;88m▇[38;2;255;58;89;48;2;255;55;90m▁[38;2;255;56;90;48;2;255;55;91m▁[38;2;255;55;91;48;2;255;55;90m▉[38;2;253;54;90;48;2;224;52;86m▉[38;2;253;55;92;48;2;120;40;68m▅[38;2;253;53;90;48;2;235;52;87m┈[38;2;253;54;90;48;2;132;33;65m▅[38;2;157;39;68;48;2;235;52;88m╹[38;2;169;40;73;48;2;235;52;86m╵[38;2;123;23;52;48;2;243;54;90m╹[38;2;254;53;93;48;2;245;52;88m╴[38;2;253;55;91;48;2;155;33;63m▅[38;2;248;54;91;48;2;185;36;68m▉[38;2;191;40;74;48;2;241;52;89m▏[38;2;254;54;90;48;2;253;54;91m╴[38;2;254;54;91;48;2;255;55;91m▘[38;2;254;56;91m▗[38;2;255;56;89m▝[38;2;255;55;90;48;2;255;56;89m▖[38;2;255;56;89;48;2;255;56;88m▆[48;2;255;55;91m▇▇[48;2;255;56;89m    [48;2;255;56;88m▆[48;2;255;55;91m▋[38;2;255;55;92m▏[0m
[?25h