[?25l[0m [38;2;0;0;0m                                       [0m
 [38;2;0;0;0m                                       [0m
 [38;2;0;0;0m                                       [0m
 [38;2;0;0;0m                                       [0m
 [38;2;0;0;0m                                       [0m
 [38;2;0;0;0m                                       [0m
 [38;2;0;0;0m              [0m [38;2;87;78;84m▂[38;2;145;104;121m▃[38;2;145;101;121m▅[38;2;174;114;140m▄[38;2;163;109;132m▆[38;2;156;106;128m▇[38;2;160;109;131m▆[38;2;139;100;118m▅[38;2;88;76;83m▃[0m [38;2;13;15;24m              [0m
 [38;2;0;0;0m            [38;2;53;52;57m▗[38;2;181;127;150m▄[38;2;194;131;158;48;2;97;82;89m▅[38;2;200;134;163;48;2;156;108;129m▇[38;2;212;148;175;48;2;184;118;147m▂[38;2;209;143;172;48;2;183;118;146m▂[38;2;184;119;147;48;2;140;103;120m▇[38;2;200;134;163;48;2;183;117;146m▂[38;2;184;117;146m╺[38;2;132;98;114;48;2;172;113;139m╶[48;2;183;117;146m [38;2;183;117;146;48;2;178;115;143m┈[0m[7m[38;2;139;101;117m▝[0m[38;2;54;55;59m▖             [0m
 [38;2;0;0;0m           [0m [38;2;81;81;81;48;2;108;88;97m╴[38;2;179;119;145;48;2;183;117;146m▏ [38;2;156;149;152;48;2;174;116;141m▁[38;2;100;87;95;48;2;156;116;133m╴[38;2;186;117;146;48;2;183;117;146m▏ [38;2;183;117;146;48;2;187;121;150m▇[48;2;183;117;146m     [0m[7m[38;2;121;93;106m▝[0m [38;2;13;15;24m            [0m
 [38;2;0;0;0m            [7m[38;2;72;70;73m▍[0m[38;2;86;81;84;48;2;137;102;117m▗[38;2;220;220;220;48;2;101;88;94m▅[38;2;91;91;91;48;2;209;209;209m╼[38;2;91;89;90;48;2;200;189;194m┻[38;2;252;215;232;48;2;170;119;142m▂[38;2;210;188;197;48;2;181;117;145m▂[38;2;191;191;191;48;2;167;118;139m▁[38;2;210;210;210;48;2;136;105;119m▖[38;2;184;117;147;48;2;181;117;145m┊[48;2;183;117;146m   [38;2;174;116;140;48;2;83;79;82m▋[0m[38;2;59;60;62m▏            [0m
 [38;2;0;0;0m            [38;2;76;76;79m▃[38;2;75;72;74;48;2;131;100;114m╸[38;2;184;185;185;48;2;127;101;113m▝[38;2;167;132;133;48;2;249;249;249m▄[38;2;248;248;248;48;2;145;132;132m▘[38;2;172;173;173;48;2;222;221;222m▏[38;2;254;254;254;48;2;251;251;251m┈[38;2;251;250;251;48;2;132;132;132m▅[38;2;116;116;116;48;2;192;191;192m▘[38;2;161;155;158;48;2;159;114;133m▏[38;2;107;88;96;48;2;180;116;144m▗[38;2;184;117;146;48;2;181;117;145m┊[38;2;51;51;56;48;2;159;108;131m▁[0m[38;2;124;97;108m▘             [0m
 [38;2;0;0;0m            [7m[38;2;86;86;88m▅[0m[38;2;146;141;141;48;2;70;71;73m▗[38;2;102;101;101;48;2;233;144;146m▘[38;2;251;171;174;48;2;252;128;131m▁[38;2;231;207;207;48;2;152;129;130m┛[38;2;139;139;138;48;2;249;249;249m▘[38;2;50;51;56;48;2;170;170;170m▗[0m[7m[38;2;102;92;97m▃[38;2;113;92;103m▃[38;2;163;111;132m▃[38;2;118;92;104m▁[38;2;145;102;120m▁[0m[38;2;58;58;62m▎              [0m
 [38;2;0;0;0m            [38;2;64;64;66m▝[7m[38;2;172;128;130m▃[0m[38;2;83;81;81;48;2;238;117;121m▂[38;2;247;242;243;48;2;168;148;149m╴[0m[7m[38;2;137;137;137m▃[38;2;204;204;204m▁[0m[38;2;112;112;112m▘                    [0m
 [38;2;0;0;0m              [0m  [38;2;13;15;24m                       [0m
 [38;2;0;0;0m                                       [0m
 [38;2;0;0;0m                                       [0m
 [38;2;0;0;0m                                       [0m
 [38;2;0;0;0m                                       [0m
[?25h