[?25l[0m [38;2;0;0;0m                                       [0m
 [38;2;0;0;0m                                       [0m
 [38;2;0;0;0m                                       [0m
 [38;2;0;0;0m                           [0m [38;2;86;61;67m▃[38;2;123;76;87m▄[38;2;102;66;75m▄[0m [38;2;30;27;34m       [0m
 [38;2;0;0;0m                           [38;2;35;30;34;48;2;92;60;69m▊[38;2;128;75;88;48;2;165;90;110m▘[38;2;168;91;111;48;2;168;92;112m┊[38;2;166;91;111;48;2;139;78;94m▉[0m[38;2;100;63;73m▊[0m [38;2;13;15;24m      [0m
 [38;2;0;0;0m                           [38;2;32;31;33;48;2;94;53;64m▌[38;2;169;92;112;48;2;168;92;111m▝[38;2;168;91;111;48;2;169;92;112m╺ [38;2;155;85;103;48;2;68;44;49m▊[0m[38;2;45;40;41m▎      [0m
 [38;2;0;0;0m                           [38;2;37;32;34;48;2;94;54;64m▋[38;2;167;92;110;48;2;168;92;112m┫[38;2;168;91;111;48;2;169;92;112m━[38;2;169;92;112;48;2;168;91;111m▚[38;2;168;92;112;48;2;121;69;82m╴[0m [38;2;36;34;38m      [0m
 [38;2;0;0;0m            [0m [38;2;13;15;24m             [38;2;47;42;43m╺[38;2;68;42;49;48;2;143;81;97m▊[38;2;167;92;112;48;2;168;92;111m▏[38;2;168;91;111;48;2;169;92;112m╺[38;2;169;91;111;48;2;166;91;110m╴[0m[38;2;87;52;60m▋[0m [38;2;13;15;24m      [0m
 [38;2;0;0;0m            [7m[38;2;81;54;59m▊[0m[38;2;146;84;100m▅[38;2;107;68;77m▅[0m  [38;2;13;15;24m        [0m [7m[38;2;70;51;56m▘[0m[38;2;87;51;59;48;2;162;90;108m▘[38;2;169;92;112;48;2;168;91;111m▁[38;2;167;93;112m╷[38;2;125;71;85;48;2;41;28;33m▉[0m[38;2;34;29;33m▏       [0m
  [38;2;83;60;64m▂[38;2;104;70;78m▃[38;2;61;48;52m▃  [0m [38;2;98;64;73m▄[38;2;92;65;72m▃[0m [38;2;85;61;66m▗[7m[38;2;59;46;50m▝[38;2;130;75;89m▍[0m[38;2;168;91;111;48;2;169;91;112m┊[38;2;169;92;112;48;2;165;90;110m╴[38;2;145;83;99;48;2;73;55;61m▇[0m[38;2;100;69;76m▖       [38;2;56;49;51m▗[38;2;81;55;61m▗[38;2;75;49;54;48;2;139;79;93m▘[38;2;169;92;112;48;2;168;92;112m┊[38;2;168;92;112;48;2;168;91;112m┊[38;2;79;41;51;48;2;133;75;90m╷[0m[38;2;73;49;56m▘        [0m
  [7m[38;2;72;44;52m▁[0m[38;2;73;43;55;48;2;154;85;103m▅[0m[7m[38;2;70;50;56m▝[0m[38;2;66;56;58m▄[0m [38;2;73;46;54m▝[38;2;109;64;76;48;2;159;88;106m▎[38;2;168;92;112;48;2;150;84;101m▇[0m[38;2;163;90;109m▆[7m[38;2;149;84;101m▘[0m[38;2;163;90;109;48;2;110;64;75m▇[38;2;167;91;111;48;2;134;73;88m▇[38;2;159;88;106;48;2;154;87;104m┈[38;2;164;90;109;48;2;149;83;100m▉[38;2;127;73;85;48;2;150;83;100m╴[38;2;146;84;100;48;2;94;64;73m▇[0m[38;2;121;72;84m▃[38;2;83;66;71m▄[0m     [38;2;111;71;82m▗[38;2;93;57;65;48;2;144;84;99m▍[38;2;168;92;112;48;2;162;89;108m┈[38;2;169;92;112;48;2;167;91;110m╴[38;2;129;74;89;48;2;70;44;53m▉[0m[38;2;66;46;52m▘         [0m
 [38;2;0;0;0m [7m[38;2;30;27;31m▉[38;2;63;50;56m▖[0m[38;2;60;47;52;48;2;50;40;44m▉[38;2;131;73;89;48;2;67;45;52m▗[38;2;123;74;87;48;2;52;45;48m▆[0m[38;2;89;60;69m▃[38;2;52;42;46;48;2;99;64;72m▏[38;2;141;80;96;48;2;165;90;110m▏[38;2;118;72;83;48;2;158;88;106m╻[38;2;158;129;131;48;2;159;92;109m▁[38;2;188;174;169;48;2;149;93;107m▃[38;2;233;218;211;48;2;163;96;113m▄[38;2;240;226;217;48;2;143;119;124m▖[38;2;148;146;147;48;2;103;77;89m━[38;2;197;200;198;48;2;120;91;99m┒[38;2;76;39;52;48;2;156;85;104m▃[38;2;90;51;64;48;2;149;84;101m▄[38;2;98;75;76;48;2;129;132;119m▊[0m[38;2;128;135;117m▃[38;2;132;139;122m▃[7m[38;2;113;118;105m▘[0m[38;2;131;138;120m▄[38;2;160;169;148;48;2;73;75;71m▅[38;2;165;173;151;48;2;75;61;64m▅[38;2;158;165;145;48;2;108;90;89m▃[38;2;80;64;63;48;2;141;89;100m▎[38;2;150;155;139;48;2;111;74;81m▂[0m[38;2;86;80;79m▏          [0m
 [38;2;0;0;0m  [0m [7m[38;2;44;38;43m▆[38;2;54;31;41m▅[38;2;85;48;61m▂[38;2;93;47;62m▂[0m[38;2;91;50;62;48;2;142;80;97m▄[38;2;111;64;75;48;2;146;82;98m▖[38;2;156;88;106;48;2;114;83;90m▍[38;2;112;105;104;48;2;176;167;163m┡[38;2;216;207;202;48;2;108;91;103m▁[38;2;108;96;99;48;2;223;208;200m╸[38;2;244;226;218;48;2;231;207;197m╴[38;2;227;187;171;48;2;101;80;95m▆[38;2;221;185;172;48;2;158;150;150m▇[38;2;184;167;157;48;2;107;84;90m▄[38;2;194;183;175;48;2;97;66;75m▅[38;2;164;148;138;48;2;118;108;98m▊[38;2;156;164;142;48;2;96;99;86m▝[38;2;118;124;109;48;2;163;172;150m▂[38;2;118;125;108;48;2;164;174;150m▃[38;2;155;164;141;48;2;169;179;155m▁[38;2;132;139;122;48;2;170;178;156m▂[38;2;171;179;157;48;2;171;180;157m▏[38;2;169;178;156;48;2;131;138;120m▊[38;2;113;119;103;48;2;151;158;139m▖[38;2;169;178;155;48;2;138;145;126m▃[38;2;136;143;125;48;2;110;116;105m▇[0m[38;2;142;149;132m▃[0m [38;2;35;37;40m        [0m
 [38;2;0;0;0m     [0m  [7m[38;2;126;72;86m▅[38;2;117;68;81m▃[38;2;67;33;46m▁[38;2;105;89;91m▂[38;2;219;206;199m▃[0m[38;2;131;122;119;48;2;221;186;172m▖[38;2;172;141;130;48;2;226;189;174m─[0m[7m[38;2;198;165;151m▁[0m[38;2;98;103;97;48;2;180;160;147m▁[38;2;70;70;71;48;2;156;150;139m▃[38;2;242;226;218;48;2;185;177;166m▆[38;2;237;223;214;48;2;58;56;58m▋[0m[7m[38;2;66;71;64m▄[38;2;84;90;78m▄[38;2;79;85;74m▖[0m[38;2;97;103;88;48;2;140;148;129m▅[38;2;132;138;121;48;2;102;108;93m▘[38;2;124;130;113;48;2;165;174;152m▖[38;2;170;179;156;48;2;135;143;124m▊[38;2;169;178;155;48;2;114;121;105m▝[38;2;139;146;128;48;2;168;177;154m▁[38;2;152;160;140;48;2;170;179;155m▁[0m[7m[38;2;134;140;124m▗[0m [38;2;13;15;24m        [0m
 [38;2;0;0;0m            [7m[38;2;196;185;178m▌[0m[38;2;236;221;213;48;2;95;91;88m▉[0m  [7m[38;2;170;164;160m▉[0m[38;2;244;229;222;48;2;244;228;220m┈[0m[38;2;209;197;190m▌  [7m[38;2;78;81;71m▊[0m[38;2;93;99;86;48;2;93;99;84m▌[38;2;92;99;84m▖[38;2;93;99;85;48;2;96;102;87m┈[38;2;99;105;89;48;2;155;164;142m▖[48;2;156;164;143m▝[38;2;81;77;70;48;2;94;99;85m▁[0m[7m[38;2;107;111;101m▄[0m [38;2;13;15;24m         [0m
 [38;2;0;0;0m            [7m[38;2;199;191;185m▉[0m[38;2;227;214;206m▉  [7m[38;2;178;170;162m▉[0m[38;2;245;229;221;48;2;244;228;220m┊[0m[38;2;218;207;200m▍  [38;2;44;46;45m▝[7m[38;2;74;78;69m▃[38;2;79;84;72m▂[38;2;82;88;76m▁[0m[38;2;192;170;157;48;2;94;95;83m▗[0m[7m[38;2;124;116;104m╻[0m[38;2;133;112;103;48;2;213;184;168m▝[0m [38;2;13;15;24m          [0m
 [38;2;0;0;0m           [0m [7m[38;2;220;210;203m▉[0m[38;2;239;224;216;48;2;61;58;58m▊[0m[38;2;239;224;216m [0m [38;2;172;164;154m▂[38;2;245;228;219;48;2;233;219;210m┊[0m[38;2;93;88;86m▎     [0m [7m[38;2;218;204;196m▎[0m[38;2;201;190;182m▍[38;2;133;125;117;48;2;242;225;218m▏[0m[38;2;203;191;184m▍          [0m
 [38;2;0;0;0m           [7m[38;2;114;108;106m▊[38;2;209;196;188m▂[0m[38;2;163;154;150m▋ [38;2;160;151;145m▝[7m[38;2;193;182;175m▂[38;2;156;146;142m▄[0m [38;2;13;15;24m     [0m [7m[38;2;183;173;165m▆[0m[38;2;203;190;183m▝[7m[38;2;208;194;187m▃[0m[38;2;130;122;121m▘          [0m
 [38;2;0;0;0m                                       [0m
 [38;2;0;0;0m                                       [0m
 [38;2;0;0;0m                                       [0m
 [38;2;0;0;0m                                       [0m
 [38;2;0;0;0m                                       [0m
 [38;2;0;0;0m                                       [0m
 [38;2;0;0;0m                                       [0m
[?25h