[?25l[0m [38;2;0;0;0m   [0m [38;2;195;140;167;48;2;35;29;36m▗[38;2;190;122;155;48;2;138;100;117m▇[38;2;184;107;145;48;2;185;109;145m╴[38;2;184;110;145;48;2;184;107;144m▘[38;2;184;106;143;48;2;184;106;139m▅[38;2;185;107;143m▄[38;2;185;107;142;48;2;184;106;138m▄[38;2;183;104;137;48;2;183;106;138m▘[38;2;84;53;67;48;2;177;105;139m▁[38;2;184;110;145;48;2;184;110;146m┈[38;2;190;122;157;48;2;184;109;145m▁[38;2;184;107;145;48;2;184;108;144m┈[38;2;184;106;142;48;2;183;105;137m▖[38;2;183;104;137;48;2;183;106;136m▅[38;2;183;108;142;48;2;183;104;136m▝[38;2;64;42;52;48;2;177;106;138m▝[38;2;37;28;32;48;2;129;97;111m▌[38;2;102;68;83;48;2;176;105;133m▁[38;2;184;106;138;48;2;184;106;142m▖[38;2;185;107;144;48;2;184;106;141m▉[38;2;185;103;137;48;2;185;105;139m┈[38;2;190;117;150;48;2;206;142;172m▄[38;2;197;132;163;48;2;206;145;176m▁[38;2;190;118;154;48;2;178;106;138m▆[38;2;49;32;39;48;2;144;85;110m╺[38;2;97;62;77;48;2;183;110;145m▖[38;2;170;105;135;48;2;41;27;31m▋[38;2;154;67;64;48;2;41;18;19m▇[38;2;133;94;109;48;2;57;37;38m▚[38;2;62;32;30;48;2;152;79;82m╸[38;2;63;44;45;48;2;138;60;52m▄[38;2;137;68;66;48;2;65;36;34m▚[38;2;90;53;64;48;2;142;92;116m▂[38;2;40;29;35;48;2;91;61;79m▚[0m [0m
 [38;2;0;0;0m  [0m [38;2;203;147;175;48;2;54;40;48m▗[38;2;192;115;150;48;2;202;140;170m▝[38;2;207;142;175;48;2;187;112;147m▄[38;2;194;122;158;48;2;186;110;147m▏[38;2;184;107;145;48;2;183;106;144m▁[38;2;184;106;143;48;2;184;106;141m▌[38;2;185;107;144;48;2;183;107;139m▂[38;2;185;107;143;48;2;184;107;139m▂[38;2;57;37;46;48;2;175;103;135m▗[38;2;14;9;10;48;2;169;105;134m▌[38;2;185;109;145;48;2;186;111;148m▉[38;2;204;144;176;48;2;202;143;175m┊[38;2;202;145;176;48;2;191;122;157m▇[38;2;200;136;171;48;2;186;113;150m▋[38;2;183;104;140;48;2;184;107;143m▗[38;2;22;16;18;48;2;178;104;137m╶[38;2;38;23;30;48;2;177;107;137m━[38;2;35;24;29;48;2;141;103;121m┻[38;2;239;240;240;48;2;91;87;89m▗[38;2;30;26;27;48;2;147;111;127m┯[38;2;48;31;38;48;2;173;106;136m╾[38;2;184;106;138;48;2;185;103;137m▎[38;2;184;102;136;48;2;185;105;141m▆[38;2;185;104;137;48;2;184;107;144m▃[38;2;184;106;142;48;2;185;107;145m▁[38;2;185;107;145;48;2;183;106;142m┈[38;2;51;34;39;48;2;132;66;85m▝[38;2;59;31;31;48;2;133;72;77m▋[38;2;65;43;50;48;2;135;76;79m┑[38;2;56;27;27;48;2;142;76;79m╼[38;2;131;72;78;48;2;52;32;35m▋[38;2;83;35;30;48;2;160;71;62m╺[38;2;46;31;35;48;2;145;76;84m▖[38;2;176;102;133;48;2;85;49;59m▆[38;2;186;106;141;48;2;184;108;141m╴[0m[7m[38;2;114;71;90m▝[0m
 [38;2;0;0;0m  [38;2;155;115;132;48;2;16;14;19m▗[38;2;201;141;170;48;2;199;140;168m╴[38;2;199;139;168;48;2;201;141;170m▖[38;2;203;141;171;48;2;208;143;175m▌[38;2;201;132;166;48;2;185;108;145m▍[38;2;183;106;144;48;2;184;107;145m╸[38;2;184;106;144;48;2;183;106;144m▋[48;2;185;107;145m▋[38;2;185;111;145;48;2;185;109;145m╶[38;2;174;111;140;48;2;58;53;55m▍[38;2;185;115;147;48;2;53;40;45m▝[38;2;185;109;143;48;2;184;107;142m╴[38;2;185;109;146;48;2;198;136;170m▅[38;2;187;111;148;48;2;199;137;171m▅[38;2;184;108;144;48;2;196;127;165m▆[38;2;183;107;143;48;2;183;103;138m▎[38;2;182;104;137;48;2;184;107;142m▍[38;2;184;107;137;48;2;184;106;142m▝[38;2;184;107;140;48;2;184;108;140m┈[38;2;65;45;53;48;2;175;141;156m▚[38;2;253;253;253;48;2;229;229;229m┊[38;2;246;246;246;48;2;111;96;103m▄[38;2;57;37;47;48;2;156;113;132m╸[38;2;44;34;37;48;2;180;105;138m▁[38;2;25;25;25;48;2;175;101;132m▁[38;2;114;99;105;48;2;184;107;142m▃[38;2;148;133;139;48;2;166;117;139m╷[38;2;146;74;94;48;2;169;137;149m▝[38;2;238;238;238;48;2;81;54;59m▂[38;2;49;39;39;48;2;155;83;92m▌[38;2;87;50;57;48;2;160;90;109m▝[38;2;183;109;142;48;2;106;69;83m▇[38;2;185;109;145;48;2;89;56;62m▅[38;2;183;108;143;48;2;110;66;84m▆[38;2;118;66;85;48;2;164;92;122m╶[38;2;68;39;49;48;2;182;103;135m▖[38;2;184;103;137;48;2;185;105;138m┈[0m
 [38;2;0;0;0m [7m[38;2;5;5;7m▊[0m[38;2;29;24;28;48;2;189;135;161m▎[38;2;201;140;170;48;2;202;141;171m▅[38;2;202;141;170;48;2;201;140;169m▆[38;2;185;108;146;48;2;197;132;164m▗[38;2;184;106;144;48;2;185;107;145m╴ [38;2;184;107;145;48;2;184;105;143m▃[48;2;184;109;145m╴[38;2;51;35;41;48;2;152;95;122m┎[38;2;34;25;29;48;2;187;187;187m▋[38;2;219;219;219;48;2;77;62;68m▎[38;2;184;109;140;48;2;183;107;137m╴[38;2;184;103;137;48;2;185;106;142m▆[38;2;184;102;137;48;2;185;107;145m▄[38;2;183;103;137;48;2;184;107;143m▆[38;2;183;104;137;48;2;179;104;138m▂[38;2;177;106;138;48;2;182;107;139m╴[38;2;88;61;72;48;2;183;107;138m▁[38;2;76;70;72;48;2;180;107;137m▂[38;2;108;74;89;48;2;162;120;140m╶[38;2;59;55;57;48;2;200;200;200m▋[38;2;48;48;48;48;2;196;196;196m▁[38;2;31;31;31;48;2;227;227;227m▃[38;2;6;6;6;48;2;152;152;152m╼[38;2;0;0;0;48;2;187;187;187m━[38;2;64;64;64;48;2;164;164;164m━[38;2;239;239;240;48;2;74;74;74m▄[38;2;245;246;246;48;2;36;36;36m▅[38;2;252;252;252;48;2;28;28;28m▅[38;2;252;251;252;48;2;91;81;85m▖[38;2;183;122;150;48;2;175;109;140m╴[38;2;185;108;145;48;2;185;110;145m▆[38;2;185;107;145;48;2;185;108;144m▇[48;2;185;107;145m [38;2;185;109;145;48;2;185;108;145m┊[38;2;40;26;30;48;2;132;81;104m┗[38;2;121;58;72;48;2;156;85;110m╴[0m
 [38;2;0;0;0m [7m[38;2;24;16;20m▉[0m[38;2;208;146;179;48;2;201;144;173m┊[38;2;196;128;162;48;2;186;112;147m▎[38;2;185;107;145;48;2;197;130;164m▇[48;2;185;107;145m [38;2;184;104;143m▂[38;2;184;105;144;48;2;185;106;144m╶[38;2;185;105;144;48;2;185;107;145m╸[38;2;69;46;57;48;2;184;109;145m▝[38;2;180;108;142;48;2;120;77;98m▇[38;2;47;31;39;48;2;223;223;223m▋[38;2;99;99;99;48;2;248;248;248m▝[38;2;71;53;60;48;2;167;102;130m▌[38;2;185;104;137;48;2;182;104;137m┊[38;2;78;63;68;48;2;181;103;135m▂[38;2;21;17;17;48;2;175;131;148m╶[38;2;94;77;83;48;2;204;179;189m┙[38;2;251;251;251;48;2;105;86;94m▅[38;2;247;246;247;48;2;53;53;53m▇[38;2;253;252;253;48;2;252;251;251m┊[38;2;254;251;254;48;2;253;252;253m╴[38;2;59;59;59;48;2;239;239;238m▝[38;2;214;214;214;48;2;31;31;31m▆[38;2;85;75;79;48;2;204;204;204m▅[38;2;96;77;89;48;2;204;205;205m▇[38;2;7;5;7;48;2;121;97;112m─[38;2;25;22;24;48;2;128;100;118m┰[38;2;139;106;130;48;2;52;43;49m▆[38;2;69;63;68;48;2;195;169;190m▚[38;2;178;177;177;48;2;253;253;253m▏[38;2;254;254;254;48;2;244;244;244m╴[38;2;46;42;44;48;2;143;106;125m┓[38;2;185;111;146;48;2;184;110;145m┈[38;2;184;108;145;48;2;185;107;145m╴ [38;2;185;108;146m▝[38;2;185;111;145;48;2;175;105;138m┊[38;2;43;27;31;48;2;125;59;73m▌[0m
 [38;2;0;0;0m [7m[38;2;10;7;8m▌[0m[38;2;180;133;154;48;2;25;18;21m▋[38;2;50;34;40;48;2;184;112;144m▎[38;2;183;107;137;48;2;184;107;142m▖[38;2;185;107;144;48;2;184;107;145m▏[38;2;184;106;144;48;2;184;104;143m▄[38;2;184;104;143;48;2;184;106;144m▘[38;2;183;104;139;48;2;184;107;144m▗[38;2;183;104;137;48;2;184;107;143m▆[38;2;184;106;136;48;2;184;108;141m╴[38;2;78;57;66;48;2;184;184;184m▉[38;2;120;120;119;48;2;232;232;232m▂[38;2;55;55;55;48;2;179;178;179m▁[38;2;220;220;219;48;2;66;55;59m▆[38;2;254;253;251;48;2;244;243;240m╴[38;2;253;248;245;48;2;253;251;250m╼[38;2;252;246;245;48;2;253;251;251m▅[38;2;253;250;245m╸[38;2;253;250;253;48;2;254;251;254m▄[48;2;253;251;253m [38;2;253;249;247;48;2;253;250;252m▝[48;2;253;253;253m▌[38;2;232;231;232;48;2;20;19;20m▋[38;2;19;14;17;48;2;149;120;138m▝[38;2;74;62;73;48;2;175;131;162m▂[38;2;142;121;143;48;2;66;55;60m▅[38;2;216;189;222;48;2;77;67;73m▄[38;2;227;199;220;48;2;90;72;88m▅[38;2;55;47;52;48;2;194;174;178m╹[38;2;254;231;224;48;2;251;238;234m┈[38;2;251;222;214;48;2;253;244;241m▂[38;2;240;230;227;48;2;56;50;51m▌[38;2;168;107;133;48;2;54;29;39m▋[38;2;59;36;46;48;2;183;110;145m▍[38;2;185;103;137;48;2;184;107;143m▗[38;2;184;103;137;48;2;185;107;143m▆[38;2;185;109;142;48;2;184;105;138m▝[38;2;3;1;1;48;2;109;63;75m┃[0m
 [38;2;0;0;0m [7m[38;2;4;4;6m▋[0m[38;2;104;85;91;48;2;15;14;14m▌[38;2;18;13;15;48;2;162;103;129m▍[38;2;183;109;141;48;2;183;106;137m▖[38;2;183;106;137;48;2;184;108;143m▅[38;2;183;106;138;48;2;184;108;144m▆[38;2;180;105;138;48;2;183;107;140m╺[38;2;109;72;88;48;2;180;104;137m▁[38;2;58;47;50;48;2;179;104;135m▄[38;2;135;137;135;48;2;79;62;69m╼[38;2;45;47;45;48;2;128;128;128m▅[38;2;189;190;189;48;2;86;85;85m┏[38;2;71;61;65;48;2;157;157;157m▄[38;2;76;61;68;48;2;225;225;225m▄[38;2;105;82;93;48;2;208;202;205m▖[38;2;140;138;139;48;2;252;251;250m▖[38;2;253;249;248;48;2;253;251;252m╺[38;2;253;250;253;48;2;252;246;246m▂[38;2;252;247;250;48;2;253;250;253m▏[38;2;252;249;249m▘[38;2;254;251;254m▗[48;2;253;252;253m▌[38;2;254;252;254;48;2;252;252;252m╴[38;2;244;244;244;48;2;99;93;96m▆[38;2;254;253;253;48;2;245;238;243m╴[38;2;252;247;245;48;2;235;222;240m▇[38;2;252;235;234;48;2;252;225;220m▘[38;2;251;223;217;48;2;253;226;222m▅[38;2;252;224;218;48;2;247;192;174m▉[38;2;249;194;178;48;2;252;221;212m▍[38;2;247;187;170;48;2;249;214;201m┃[38;2;249;231;224;48;2;33;31;30m▊[38;2;51;42;44;48;2;116;117;117m▉[38;2;35;32;33;48;2;171;111;135m▌[38;2;82;59;67;48;2;181;107;136m▁[38;2;111;103;106;48;2;178;102;133m▃[38;2;69;61;64;48;2;182;147;162m━[38;2;36;21;26;48;2;112;54;62m▌[0m
 [38;2;0;0;0m [0m [7m[38;2;10;10;10m▖[38;2;23;18;22m╻[0m[38;2;108;72;89;48;2;171;105;133m▏[38;2;185;109;140;48;2;184;104;136m▂[38;2;87;55;69;48;2;174;100;131m▁[38;2;57;40;45;48;2;165;98;125m▅[38;2;147;147;147;48;2;63;60;61m▗[38;2;232;232;232;48;2;54;54;53m▅[38;2;86;86;86;48;2;228;228;228m▗[38;2;12;11;11;48;2;120;97;108m▉[38;2;86;67;78;48;2;188;139;166m▚[38;2;138;98;121;48;2;78;62;70m┏[38;2;96;79;92;48;2;172;134;161m▌[38;2;71;61;69;48;2;123;109;123m▊[38;2;80;77;81;48;2;229;229;229m▌[38;2;254;254;252;48;2;253;251;245m▍[38;2;254;251;250;48;2;253;252;253m▏[38;2;119;120;120;48;2;242;240;242m▁[38;2;103;80;74;48;2;253;252;253m▃[38;2;160;129;122;48;2;210;195;193m╷[38;2;122;93;88;48;2;221;203;200m┎[38;2;38;33;33;48;2;188;177;176m┓[38;2;243;243;243;48;2;112;112;112m▆[38;2;254;251;247;48;2;253;252;253m▝[38;2;252;234;229;48;2;253;248;241m▝[38;2;252;226;219;48;2;251;228;222m┊[38;2;251;228;222;48;2;251;225;218m▄[38;2;251;223;217;48;2;251;204;192m▉[38;2;250;208;196;48;2;252;224;217m▎[38;2;248;203;190;48;2;251;225;215m╹[38;2;242;226;218;48;2;37;36;36m▊[38;2;12;11;10;48;2;207;205;204m▘[38;2;234;234;234;48;2;59;54;55m▅[38;2;85;81;82;48;2;176;176;175m▂[38;2;56;56;56;48;2;194;194;194m▁[38;2;158;159;159;48;2;65;42;47m▌[38;2;114;54;68;48;2;42;18;21m▉[0m
 [38;2;0;0;0m  [0m [38;2;2;2;3m▘[38;2;13;11;14;48;2;130;92;108m▊[38;2;160;102;129;48;2;181;111;142m╴[38;2;174;102;131;48;2;81;49;59m▅[38;2;127;61;80;48;2;122;56;75m┊[38;2;204;204;204;48;2;83;47;58m▝[38;2;148;147;147;48;2;243;243;243m▁[38;2;247;247;247;48;2;84;84;84m▋[38;2;146;124;138;48;2;75;65;71m┭[38;2;30;23;28;48;2;194;158;182m╾[38;2;69;59;70;48;2;225;199;222m╸[38;2;192;153;189;48;2;233;212;227m╸[38;2;251;247;246;48;2;240;226;241m▆[38;2;17;15;15;48;2;245;245;245m▁[38;2;45;42;42;48;2;237;237;236m▂[38;2;90;66;62;48;2;211;182;176m╼[38;2;216;152;139;48;2;94;78;75m▆[38;2;48;37;34;48;2;218;154;135m▌[38;2;233;155;138;48;2;226;153;137m▖[38;2;229;152;137;48;2;225;152;137m▁[38;2;222;149;135;48;2;145;99;91m▇[38;2;33;25;25;48;2;185;151;144m╶[38;2;131;113;112;48;2;249;248;246m▃[38;2;254;251;247;48;2;244;243;239m╴[38;2;253;252;252;48;2;251;240;236m▇[38;2;253;251;251;48;2;251;231;223m▆[38;2;253;248;245;48;2;252;229;221m▆[38;2;252;250;249;48;2;252;231;226m▆[38;2;253;250;245;48;2;250;234;228m▇[38;2;254;251;246;48;2;253;252;251m╸[38;2;105;95;98;48;2;239;239;239m▗[38;2;188;188;188;48;2;88;48;58m▘[38;2;115;54;72;48;2;42;21;27m▊[38;2;3;0;0;48;2;1;0;0m╴[38;2;0;0;0;48;2;3;3;3m┈[38;2;141;141;141;48;2;28;19;19m▁[0m
 [38;2;0;0;0m    [38;2;6;6;10;48;2;149;111;127m▊[38;2;188;114;147;48;2;181;109;140m╴[38;2;105;66;84;48;2;178;107;135m▁[38;2;175;103;132;48;2;132;61;86m▖[38;2;126;56;79;48;2;129;58;81m▆[38;2;75;46;55;48;2;175;171;167m▉[38;2;252;234;227;48;2;250;232;224m┊[38;2;252;227;219;48;2;226;212;211m▇[38;2;251;206;198;48;2;251;225;220m▖[38;2;245;189;174;48;2;251;220;212m╻[38;2;247;196;180;48;2;251;225;215m▗[38;2;249;214;203;48;2;252;229;221m▏[38;2;252;232;225;48;2;238;226;221m▇[38;2;248;236;229;48;2;101;79;74m▎[38;2;228;157;138;48;2;224;155;137m▎[38;2;225;154;138;48;2;224;155;141m▇[38;2;66;46;43;48;2;199;137;124m┗[38;2;121;79;71;48;2;231;155;139m▖[38;2;234;155;136;48;2;231;154;137m▇[38;2;234;154;137;48;2;232;152;138m▉[48;2;226;151;136m [38;2;207;112;97;48;2;224;151;136m▂[38;2;215;131;116;48;2;97;79;77m▆[38;2;92;66;64;48;2;200;152;144m╺[38;2;77;65;64;48;2;209;198;197m┒[38;2;253;253;253;48;2;250;249;247m╴[38;2;253;252;253;48;2;242;241;241m┊[38;2;41;43;41;48;2;238;238;238m▃[38;2;63;54;56;48;2;204;203;203m▆[38;2;4;2;1;48;2;99;50;60m▁[38;2;25;13;16;48;2;100;48;59m╺[38;2;99;49;61;48;2;55;28;34m▅[38;2;141;141;141;48;2;76;54;59m▝[38;2;52;52;51;48;2;167;167;167m━[38;2;241;241;239;48;2;103;103;103m╼[0m
 [38;2;0;0;0m    [7m[38;2;12;10;13m▋[0m[38;2;150;104;124;48;2;15;10;11m▊[38;2;163;105;131;48;2;19;13;15m▝[38;2;179;108;137;48;2;164;90;118m▉[38;2;163;90;117;48;2;127;56;79m▖[38;2;78;39;50;48;2;138;133;126m▉[38;2;251;235;226;48;2;238;219;212m╴[38;2;252;225;218;48;2;247;187;172m▊[38;2;251;186;170;48;2;252;222;214m▎[38;2;252;222;214;48;2;250;201;191m▍[38;2;247;200;185;48;2;252;224;217m▝[38;2;251;218;207;48;2;252;225;218m▏[38;2;251;225;218;48;2;253;228;222m╴[38;2;14;14;15;48;2;190;164;157m┃[38;2;237;158;142;48;2;230;155;137m▎[38;2;234;153;138;48;2;231;151;136m┈[38;2;204;108;92;48;2;233;152;136m▂[38;2;202;104;87;48;2;235;154;136m▃[38;2;205;109;93;48;2;236;155;136m▃[38;2;202;105;90;48;2;231;150;133m▂[38;2;219;130;116;48;2;202;103;88m▘[38;2;201;99;82;48;2;201;102;86m▗[38;2;196;95;79;48;2;200;101;84m▂[38;2;199;98;81;48;2;201;101;84m▁[38;2;204;105;87;48;2;208;124;113m╴[38;2;33;24;24;48;2;141;132;131m┓[38;2;252;252;251;48;2;46;47;46m▃[38;2;0;0;0;48;2;5;5;5m┊[38;2;5;6;5;48;2;222;222;222m▌[38;2;9;10;9;48;2;188;188;187m▋[38;2;83;83;83;48;2;16;10;11m▂[38;2;209;209;209;48;2;15;15;15m▂[38;2;234;234;234;48;2;70;70;70m▂[38;2;238;238;238;48;2;75;75;75m▂[38;2;79;79;79;48;2;245;245;245m▆[0m
 [38;2;0;0;0m    [0m [7m[38;2;37;34;35m▖[0m[38;2;4;4;4m▌[38;2;177;111;138;48;2;37;28;31m▝[38;2;90;62;71;48;2;176;106;132m▁[38;2;45;29;33;48;2;128;64;80m▂[38;2;152;144;138;48;2;69;36;45m▝[38;2;79;59;62;48;2;235;217;209m▃[38;2;152;145;139;48;2;250;227;219m▁[38;2;252;236;228;48;2;252;226;219m▁[38;2;252;248;247;48;2;252;227;219m▁[38;2;253;251;250;48;2;252;229;222m▃[38;2;252;239;234;48;2;253;252;250m▘[38;2;63;58;58;48;2;235;235;235m▝[38;2;77;62;59;48;2;226;155;140m▖[38;2;218;130;111;48;2;204;108;87m▘[38;2;199;100;80;48;2;201;103;84m▗[48;2;201;102;85m▅[38;2;199;98;80m▅[38;2;197;97;80;48;2;201;100;87m▄[38;2;195;95;80;48;2;200;100;84m▃[38;2;193;94;80;48;2;199;97;82m▃[38;2;192;94;79;48;2;193;94;81m▊[38;2;197;97;80;48;2;201;100;83m▉[38;2;204;105;90;48;2;205;124;110m╴[38;2;86;77;76;48;2;239;239;239m▋[38;2;252;254;253;48;2;253;253;253m▁[38;2;175;176;175;48;2;7;8;7m▎[38;2;2;2;2;48;2;214;214;214m▌[38;2;2;3;2;48;2;164;165;165m▋[38;2;188;188;188;48;2;29;30;27m▝[38;2;39;39;35;48;2;238;238;238m▃[38;2;49;49;45;48;2;252;252;252m▃[38;2;30;30;27;48;2;245;245;245m▂[38;2;8;8;6;48;2;241;241;241m▁[0m
 [38;2;0;0;0m     [0m [7m[38;2;4;6;6m▆[0m[38;2;6;7;11;48;2;99;70;79m▋[38;2;182;109;137;48;2;31;20;24m▆[38;2;181;109;136;48;2;176;104;132m┊[38;2;66;38;46;48;2;151;86;110m┗[38;2;113;79;88;48;2;82;47;55m╱[38;2;119;120;119;48;2;8;8;8m▘[38;2;0;0;0;48;2;176;174;173m▆[38;2;51;37;39;48;2;250;251;251m▆[38;2;94;45;55;48;2;246;246;246m▅[38;2;96;50;60;48;2;252;253;252m▅[38;2;65;35;42;48;2;244;244;244m▅[38;2;96;55;63;48;2;136;123;119m▆[38;2;80;51;52;48;2;191;120;103m▃[38;2;200;105;85;48;2;200;114;95m┈[38;2;207;115;95;48;2;195;97;80m▁[38;2;200;97;80;48;2;193;95;80m▂[38;2;197;96;79;48;2;193;94;80m▂[38;2;193;91;79;48;2;194;93;78m┈[38;2;230;151;136;48;2;195;96;81m▁[38;2;107;79;74;48;2;203;112;97m▁[38;2;41;28;26;48;2;182;130;121m╶[38;2;240;240;240;48;2;118;101;97m▄[38;2;253;253;253;48;2;250;249;246m╴[38;2;253;250;244;48;2;253;253;252m▆[38;2;60;60;60;48;2;247;247;247m▝[38;2;151;151;151;48;2;39;39;38m▝[38;2;48;52;45;48;2;6;8;6m▃[38;2;56;59;51;48;2;52;55;48m╴[38;2;55;56;50;48;2;55;56;48m▚[38;2;55;55;52;48;2;55;56;49m▃[38;2;56;56;54;48;2;55;55;51m▅[38;2;56;56;55;48;2;55;55;52m╴[0m
 [38;2;0;0;0m  [38;2;6;6;9m▗[38;2;108;106;103m▄[38;2;35;33;32m▖ [0m [38;2;133;132;131m▁[38;2;7;7;6;48;2;123;77;96m▖[38;2;184;106;138;48;2;181;105;136m╴[38;2;183;107;139;48;2;184;104;136m▁[38;2;181;107;138;48;2;179;103;134m┊[38;2;227;226;226;48;2;81;53;64m╺[38;2;173;149;160;48;2;12;12;12m▆[38;2;159;125;136;48;2;17;10;12m▇[38;2;168;95;117;48;2;125;57;73m▂[38;2;124;54;71;48;2;69;31;39m▉[38;2;13;5;6;48;2;113;56;68m▍[38;2;54;29;34;48;2;114;54;67m▃[38;2;90;53;63;48;2;15;11;11m▎[0m[7m[38;2;22;18;16m▃[0m[38;2;28;29;29;48;2;104;84;79m┒[38;2;22;23;22;48;2;157;121;113m━[38;2;9;9;8;48;2;153;122;115m╺[38;2;7;7;6;48;2;154;128;121m━[38;2;195;195;195;48;2;115;91;86m▅[38;2;241;241;239;48;2;66;63;63m▇[38;2;253;250;243;48;2;253;251;247m┈[38;2;253;250;248;48;2;253;250;244m╺[38;2;253;250;247m╾[38;2;253;252;250;48;2;245;244;240m┈[38;2;47;48;44;48;2;187;192;182m╺[38;2;173;186;154;48;2;53;55;49m▅[38;2;81;86;75;48;2;45;48;41m▁[38;2;51;55;47;48;2;54;55;48m▊[38;2;55;56;49;48;2;55;55;50m╴[38;2;56;56;54;48;2;55;55;55m▘ [38;2;54;55;55m▁[0m
 [38;2;182;182;176;48;2;12;12;16m▗[38;2;67;67;67;48;2;59;59;60m╴[0m[7m[38;2;11;12;13m▘[0m[38;2;236;235;235;48;2;122;117;110m▅[38;2;243;242;240;48;2;112;110;107m▆[38;2;218;218;218;48;2;35;36;40m▃[38;2;220;220;220;48;2;48;48;48m▗[38;2;245;245;245;48;2;109;109;101m▄[38;2;1;1;1;48;2;82;83;85m┃[0m[7m[38;2;49;33;41m▅[0m[38;2;7;8;11;48;2;74;49;65m╍[0m[38;2;6;5;6m━[38;2;14;9;12m━[38;2;6;5;7;48;2;95;62;80m━[38;2;71;45;55;48;2;179;113;142m▍[38;2;184;109;139;48;2;178;107;136m┊[38;2;100;59;71;48;2;144;86;109m╵[38;2;41;22;27;48;2;138;74;97m━[38;2;75;37;47;48;2;155;85;104m▍[38;2;115;75;88;48;2;19;13;15m▚[0m[38;2;7;7;9m╴[38;2;14;15;18;48;2;39;43;38m▌[38;2;55;60;52;48;2;20;23;20m▆[38;2;44;47;40;48;2;109;110;109m▇[38;2;51;52;44;48;2;7;9;7m▅[38;2;186;186;186;48;2;33;33;29m▝[38;2;101;102;98;48;2;210;211;206m▖[38;2;133;140;124;48;2;197;199;189m╷[38;2;91;97;85;48;2;199;203;192m┌[38;2;50;55;47;48;2;194;204;187m╼[38;2;153;172;142;48;2;167;170;164m▇[38;2;161;187;147;48;2;171;191;153m▆[38;2;167;189;147;48;2;171;190;152m▖[38;2;76;81;69;48;2;173;190;154m▝[38;2;80;86;73;48;2;47;50;43m▏[38;2;54;56;48;48;2;55;55;51m▌[38;2;55;55;54;48;2;55;55;55m▏[38;2;54;55;55m▆[38;2;54;56;56;48;2;53;55;55m▋[0m
 [38;2;181;181;178;48;2;49;48;47m┕[38;2;127;123;109;48;2;241;240;239m▘[38;2;253;251;252;48;2;163;163;163m▇[38;2;254;252;252;48;2;253;251;253m╴[38;2;233;215;213;48;2;252;249;251m▗[38;2;223;198;195;48;2;250;245;246m▅[38;2;220;196;194;48;2;251;250;249m▆[38;2;220;197;192;48;2;248;245;245m▖[38;2;10;10;11;48;2;142;143;144m┡[0m[38;2;10;10;11m   [0m  [7m[38;2;39;29;35m▅[0m[38;2;2;3;3;48;2;152;99;123m▅[38;2;4;3;4;48;2;93;59;77m━[38;2;21;14;17;48;2;148;92;117m╸[38;2;123;77;96;48;2;171;100;127m╴[38;2;148;87;108;48;2;45;27;32m▊[38;2;150;93;113;48;2;16;13;15m▊[38;2;5;5;5;48;2;38;43;38m▅[38;2;0;0;0;48;2;2;2;2m┈[38;2;32;32;29m▝[38;2;23;23;22;48;2;54;54;50m▖[38;2;56;55;53;48;2;55;55;48m▖[38;2;116;124;105;48;2;39;39;35m▝[38;2;100;110;90;48;2;163;179;144m▁[38;2;172;190;152;48;2;164;186;147m▘[38;2;165;185;148;48;2;161;186;151m▃[38;2;170;187;153;48;2;161;186;154m▄[38;2;171;185;153;48;2;164;185;153m▅[38;2;175;188;152;48;2;170;188;147m▃[38;2;174;187;150;48;2;170;187;147m▖[38;2;154;168;134;48;2;98;105;87m▇[38;2;87;97;72;48;2;37;37;36m▖[38;2;54;56;49;48;2;54;55;50m┊[38;2;50;55;48;48;2;54;55;54m▃[38;2;50;55;50;48;2;53;56;55m▃[0m
[38;2;100;96;92m▄[38;2;201;200;199;48;2;23;23;25m▅[38;2;254;254;254;48;2;253;252;251m╴[38;2;254;252;253;48;2;252;249;249m╴[38;2;223;203;198;48;2;248;242;240m▄[38;2;218;197;192;48;2;221;198;193m╴[48;2;219;196;194m▆[38;2;220;196;192;48;2;222;198;195m╴[38;2;244;239;239;48;2;237;230;228m┊[38;2;152;152;152;48;2;25;25;25m▚[38;2;0;0;0;48;2;6;6;6m╴[38;2;156;156;156;48;2;19;20;24m▄[38;2;228;228;228;48;2;17;17;18m╺[38;2;250;250;250;48;2;59;59;59m━[38;2;196;196;196;48;2;14;14;15m━[0m[38;2;5;5;5m▅[7m[38;2;1;1;1m▗[0m [7m[38;2;41;29;35m╾[0m[38;2;2;1;2;48;2;169;105;133m▅[38;2;1;1;1;48;2;180;108;135m▅[38;2;12;9;10;48;2;156;100;119m▆[38;2;58;38;45;48;2;3;2;2m▁[38;2;120;81;94;48;2;1;0;0m▁[38;2;9;8;8;48;2;0;0;0m▁[38;2;44;44;42;48;2;1;1;1m▁[38;2;28;28;27;48;2;56;56;53m▏[38;2;56;56;53;48;2;55;55;51m▝[38;2;48;49;45;48;2;84;90;75m▇[38;2;72;78;64;48;2;172;189;152m▖[38;2;173;188;149;48;2;170;188;146m▖[38;2;169;183;145;48;2;139;156;117m▋[38;2;125;144;101;48;2;166;181;147m▖[38;2;178;184;153;48;2;175;186;153m▗[38;2;177;186;154;48;2;174;186;150m▇[38;2;176;188;154;48;2;173;185;150m┈[38;2;150;165;125;48;2;134;149;109m╴[38;2;118;137;99;48;2;37;40;35m▖[38;2;38;38;36;48;2;50;54;48m▁[38;2;53;55;48;48;2;50;55;48m▂[0m
[38;2;1;1;1;48;2;83;82;83m─[38;2;5;5;8;48;2;125;125;127m┬[38;2;60;61;63;48;2;160;160;161m╷[38;2;65;66;65;48;2;249;247;245m▂[38;2;254;254;254;48;2;228;221;217m┈[38;2;244;244;244;48;2;218;200;193m▅[38;2;87;87;87;48;2;241;236;233m▂[38;2;254;253;250;48;2;243;240;237m╴[38;2;253;252;250;48;2;249;248;245m┊[38;2;254;253;254;48;2;241;241;241m┈[38;2;151;151;151;48;2;2;2;2m▏[38;2;8;8;8;48;2;217;217;217m▎[48;2;0;0;0m [38;2;7;7;9;48;2;10;11;15m╴[0m[7m[38;2;4;5;6m▆[38;2;5;5;7m▆[38;2;3;3;4m▅[0m[38;2;2;2;2m╸[7m[38;2;3;3;4m▃[0m[38;2;0;0;0;48;2;1;1;1m┈[48;2;0;0;0m [48;2;3;0;0m▉[38;2;25;17;18;48;2;183;111;134m▎[38;2;145;69;87;48;2;183;105;133m▖[38;2;183;108;138;48;2;66;45;52m▆[38;2;184;109;139;48;2;52;44;44m▄[38;2;144;94;112;48;2;36;35;33m▖[38;2;44;44;40;48;2;55;56;52m┈[38;2;55;55;50;48;2;55;55;48m▝[38;2;47;48;44;48;2;74;77;69m▉[38;2;49;52;43;48;2;169;184;150m▖[38;2;172;191;153;48;2;171;189;150m╴[38;2;167;186;147;48;2;130;150;107m▖[38;2;125;145;102;48;2;163;180;145m▖[38;2;176;186;157;48;2;176;185;153m▂[38;2;175;186;155;48;2;172;185;153m▆[38;2;169;186;152;48;2;158;174;135m▇[38;2;146;167;126;48;2;130;153;106m▍[38;2;110;128;92;48;2;44;49;40m▄[38;2;39;39;38;48;2;46;47;41m╴[0m
[?25h