[?25l[0m[7m[38;2;254;205;201m [0m[38;2;0;0;0;48;2;254;205;201m   [38;2;251;216;214;48;2;255;206;202m▁[38;2;255;208;205;48;2;255;207;203m▂[38;2;255;209;206m▅[38;2;255;211;208;48;2;255;208;206m▅[38;2;254;213;210;48;2;255;210;207m▅[38;2;252;223;221;48;2;255;213;211m▁[38;2;255;216;213;48;2;254;218;216m┊[38;2;255;219;216;48;2;254;221;218m┊[38;2;255;226;224;48;2;255;219;217m▃[38;2;255;229;226;48;2;255;221;219m▃[38;2;254;232;230;48;2;255;223;220m▃[38;2;254;233;231;48;2;255;223;221m▄[38;2;254;234;232;48;2;255;225;223m▄[38;2;254;234;233;48;2;255;226;224m▄▄[38;2;254;235;233;48;2;255;227;225m▃[38;2;253;233;233;48;2;255;226;223m▃[38;2;254;233;231;48;2;255;224;221m▄[38;2;254;231;230;48;2;255;223;221m▄[38;2;254;229;227;48;2;255;221;218m▅[38;2;255;228;226;48;2;255;221;219m▃[38;2;255;225;224;48;2;255;220;218m▃[38;2;255;222;220;48;2;255;216;214m▄[38;2;255;220;218;48;2;254;214;212m▄[38;2;255;218;216;48;2;254;213;210m▃[38;2;255;216;214;48;2;254;212;209m▃[38;2;254;213;210;48;2;255;209;206m▅[38;2;255;211;208;48;2;255;208;206m▅[38;2;252;234;233;48;2;255;208;204m▂[38;2;252;229;227;48;2;254;207;204m▂[38;2;252;230;228;48;2;254;205;201m▄[38;2;252;238;236m▁[38;2;254;205;201;48;2;254;206;202m┊[48;2;254;205;201m   [0m
[7m[38;2;254;205;201m [0m[38;2;255;206;202;48;2;254;205;201m▂[38;2;253;211;208;48;2;252;239;237m▌[38;2;253;213;210;48;2;252;236;234m▅[38;2;252;240;239;48;2;253;214;211m▝[38;2;252;246;244;48;2;253;221;218m▗[38;2;254;216;213;48;2;254;212;209m▄[38;2;253;244;242;48;2;254;218;215m╺[38;2;253;240;238;48;2;254;218;216m▄[38;2;253;250;248;48;2;253;232;230m┗[38;2;253;241;240;48;2;254;231;229m▝[38;2;255;235;233;48;2;251;229;229m┈[38;2;187;85;136;48;2;251;230;230m▂[38;2;196;93;139;48;2;254;235;235m▄[38;2;197;87;135;48;2;253;234;234m▅[38;2;199;89;135;48;2;252;234;235m▆[38;2;201;94;138;48;2;254;237;237m▇[38;2;200;84;132;48;2;233;202;215m▇[38;2;203;90;135;48;2;192;135;162m▇[38;2;206;92;136;48;2;167;79;121m▇[38;2;207;93;137;48;2;155;42;101m▇[38;2;206;92;136;48;2;167;76;120m▇[38;2;202;87;134;48;2;208;163;182m▇[38;2;200;89;134;48;2;251;228;231m▇[38;2;199;87;134;48;2;249;226;227m▆[38;2;198;87;135;48;2;252;228;228m▅[38;2;203;112;151;48;2;254;230;228m▄[38;2;198;118;158;48;2;253;228;227m▂[38;2;255;230;227;48;2;254;227;225m╴[38;2;255;228;226;48;2;255;221;219m▄[38;2;255;223;221;48;2;255;218;216m▄[38;2;254;217;215;48;2;252;233;231m▉[38;2;254;212;209;48;2;252;237;235m▝[38;2;254;214;211;48;2;252;231;228m▇[38;2;255;209;206;48;2;254;211;208m┊[38;2;254;211;208;48;2;253;248;247m▇[38;2;252;233;231;48;2;253;211;210m▊[38;2;255;205;202;48;2;254;205;201m╴  [0m
[38;2;255;206;202;48;2;254;205;201m▗[48;2;255;207;203m╴[38;2;253;236;234;48;2;254;214;211m╹[38;2;254;215;212;48;2;252;235;233m▄[38;2;253;246;245;48;2;253;218;215m╼[38;2;252;244;243;48;2;254;220;218m▘[38;2;254;225;223m▄[38;2;254;231;230;48;2;255;225;223m▄[38;2;254;234;233;48;2;254;228;228m▇[38;2;215;152;180;48;2;239;203;214m╷[38;2;216;113;152;48;2;226;162;190m▗[38;2;243;158;191;48;2;207;103;145m▁[38;2;236;144;180;48;2;209;98;141m▁[38;2;208;95;138;48;2;207;95;138m▉[38;2;228;132;169;48;2;210;100;142m▖[38;2;226;129;167;48;2;208;95;138m▖[38;2;173;37;109;48;2;202;86;134m┏[38;2;207;95;137;48;2;208;95;138m▍ [38;2;232;140;176;48;2;208;96;138m▗[38;2;233;142;177;48;2;212;103;144m▗[38;2;209;99;141;48;2;208;96;138m┈[38;2;182;52;116;48;2;208;95;138m▗[38;2;185;55;119m▖ [38;2;235;143;179;48;2;208;97;139m▁[38;2;252;172;204;48;2;210;99;141m▁[38;2;211;103;145;48;2;227;135;172m▉[38;2;237;150;184;48;2;248;172;202m╷[38;2;200;103;152;48;2;238;186;205m┑[38;2;254;235;231;48;2;249;222;224m╴[38;2;255;231;229;48;2;254;224;222m▄[38;2;253;246;245;48;2;253;227;225m┗[38;2;254;252;252;48;2;254;221;219m─[38;2;254;217;215;48;2;252;236;234m▄[38;2;253;247;246;48;2;253;213;210m╾[38;2;252;242;241;48;2;253;212;210m▘[38;2;255;207;205;48;2;255;206;203m▍[38;2;254;205;201;48;2;255;206;202m▝[48;2;254;205;201m [0m
[38;2;255;208;206;48;2;255;207;203m▁[38;2;254;211;208;48;2;255;209;206m▗[38;2;254;214;212;48;2;254;211;209m▗[38;2;254;213;211;48;2;254;216;215m▘[38;2;212;148;173;48;2;252;217;216m╻[38;2;254;231;229;48;2;254;225;223m▗[38;2;254;234;233;48;2;254;232;230m┈[38;2;193;99;151;48;2;247;223;227m▃[38;2;187;82;139;48;2;230;156;188m╸[38;2;217;118;157;48;2;229;134;172m╴[38;2;209;97;140;48;2;231;138;174m▄[38;2;209;97;139;48;2;238;151;184m▇[38;2;208;95;138;48;2;215;110;150m▇[38;2;208;95;139;48;2;203;88;134m┊[38;2;164;24;103;48;2;200;83;132m╶[38;2;170;34;107;48;2;193;73;127m┳[38;2;161;11;100;48;2;191;70;124m▎[38;2;207;96;138;48;2;208;95;138m╴    [38;2;203;87;134;48;2;158;22;99m▋[38;2;211;120;167;48;2;184;62;121m▏[38;2;178;49;112;48;2;201;85;133m─[38;2;184;58;118;48;2;208;97;139m▂[38;2;208;95;138;48;2;210;99;141m┈[38;2;210;100;142;48;2;234;143;178m▅[38;2;236;145;180;48;2;208;96;139m▘[38;2;208;96;139;48;2;240;153;187m▖[38;2;197;94;149;48;2;241;180;205m▚[38;2;254;239;238;48;2;252;233;234m╴[38;2;255;235;234;48;2;255;230;228m▄[38;2;254;229;228;48;2;254;224;222m▄[38;2;255;222;220;48;2;254;218;216m▅[38;2;255;219;217;48;2;255;215;213m▖[38;2;255;214;212;48;2;254;211;209m▖[38;2;254;210;207;48;2;255;208;205m▆[38;2;255;208;206;48;2;255;207;202m▎[38;2;254;205;201;48;2;255;206;202m▝[0m
[38;2;255;208;206;48;2;254;210;207m▘[38;2;253;251;249;48;2;253;217;215m┎[38;2;252;240;239;48;2;253;222;220m━[38;2;253;247;245;48;2;253;227;225m┓[38;2;212;147;174;48;2;243;213;218m╵[38;2;222;169;191;48;2;239;206;215m╵[38;2;235;205;216;48;2;195;118;160m▋[38;2;196;87;137;48;2;236;148;185m▚[38;2;209;97;139;48;2;222;122;161m▇[38;2;181;54;117;48;2;202;85;133m╻[38;2;208;93;136;48;2;208;95;138m╴[38;2;164;19;103;48;2;204;90;135m▗[38;2;176;41;111;48;2;204;89;135m▏[38;2;188;96;140m▁[38;2;239;208;214;48;2;198;84;131m▂[38;2;216;151;179;48;2;164;48;112m▊[38;2;229;194;204;48;2;183;60;123m▁[38;2;207;157;176;48;2;203;88;134m▁[38;2;210;164;182;48;2;202;88;134m▁[38;2;219;178;193;48;2;202;86;133m▁[38;2;249;225;228;48;2;186;65;124m▁[38;2;244;216;219;48;2;199;89;134m▁[38;2;182;63;120;48;2;218;169;191m▉[38;2;250;226;226;48;2;195;97;143m▍[38;2;215;164;184;48;2;201;87;133m▁[38;2;181;55;116;48;2;205;90;135m▁[38;2;167;25;101;48;2;195;77;129m┊[38;2;180;52;115;48;2;207;94;137m▖[48;2;208;95;138m [38;2;201;84;132;48;2;174;40;111m▋[38;2;187;63;121;48;2;224;126;166m▁[38;2;194;98;151;48;2;248;232;236m▌[38;2;254;243;242;48;2;255;239;238m▖[38;2;254;231;230;48;2;254;235;234m▝[38;2;254;231;229;48;2;254;227;225m▖[38;2;255;223;221;48;2;255;220;218m▍[38;2;255;217;214;48;2;255;214;212m▌[38;2;255;213;211;48;2;255;211;208m▍[38;2;255;210;207;48;2;255;208;205m▎[38;2;255;207;205;48;2;255;207;203m▏[0m
[38;2;254;211;207;48;2;253;228;225m▊[38;2;253;248;246;48;2;253;225;223m╾[38;2;253;247;246m┓[38;2;253;231;230;48;2;253;241;240m▚[38;2;254;235;234;48;2;253;243;242m▅[38;2;254;242;242;48;2;254;238;238m▗[38;2;166;40;112;48;2;231;169;197m┃[38;2;171;34;107;48;2;205;93;137m╻[38;2;172;37;108;48;2;201;83;132m┏[38;2;180;52;116;48;2;200;83;132m▂[38;2;210;131;162;48;2;201;84;132m▗[38;2;231;186;199;48;2;182;61;121m▅[38;2;249;225;224;48;2;182;72;131m━[38;2;165;31;110;48;2;244;215;218m▅[38;2;171;37;111;48;2;240;211;214m▅[38;2;155;0;94;48;2;208;133;166m━[38;2;163;27;106;48;2;219;163;185m┵[38;2;241;211;215;48;2;255;232;228m╴[38;2;253;201;199;48;2;254;231;226m▗[38;2;253;181;181;48;2;254;231;227m▃[38;2;255;233;228;48;2;254;229;225m┈[38;2;164;25;109;48;2;220;167;188m╺[38;2;155;0;94;48;2;215;150;177m━[38;2;183;60;121;48;2;245;218;221m▆[38;2;172;40;111;48;2;239;204;212m▅[38;2;159;16;100;48;2;230;188;201m▄[38;2;156;6;96;48;2;217;159;183m▂[38;2;230;189;200;48;2;195;93;141m▖[38;2;208;95;136;48;2;199;83;131m┈[38;2;200;82;131;48;2;165;25;104m▊[38;2;193;70;126;48;2;173;36;109m▌[38;2;189;79;133;48;2;253;241;245m▊[38;2;254;245;244;48;2;254;242;242m▍[38;2;255;239;239;48;2;255;237;235m▌[38;2;254;252;252;48;2;253;238;237m╻[38;2;253;243;241;48;2;254;231;230m┕[38;2;253;222;219;48;2;253;239;238m▄[38;2;253;229;228;48;2;253;222;219m╵[38;2;252;246;244;48;2;253;212;210m▖[38;2;255;208;206;48;2;255;207;203m▏[0m
[38;2;255;212;209;48;2;254;213;211m▌[38;2;255;216;213;48;2;254;219;218m▊[38;2;254;222;219;48;2;254;226;224m▊[38;2;254;228;225;48;2;255;232;230m▌[38;2;255;236;234;48;2;255;238;237m▌[38;2;255;240;240;48;2;254;243;242m▍[38;2;246;231;236;48;2;182;64;126m▍[38;2;174;40;110;48;2;202;85;133m▍[38;2;206;93;137;48;2;173;37;109m▅[38;2;208;95;139;48;2;206;92;136m┊[38;2;183;54;118;48;2;236;171;187m▊[38;2;162;19;103;48;2;205;106;143m▝[38;2;225;137;157;48;2;160;16;100m▆[38;2;244;164;172;48;2;199;95;135m▇[38;2;215;119;147;48;2;247;169;174m▏[38;2;253;182;182;48;2;251;204;200m▉[38;2;202;122;161;48;2;251;226;223m▁[38;2;182;95;145;48;2;250;225;223m▂[38;2;190;117;157;48;2;253;218;214m▃[38;2;179;89;137;48;2;248;198;199m▃[38;2;183;95;148;48;2;248;221;219m▂[38;2;207;141;174;48;2;248;219;219m▁[38;2;255;178;178;48;2;250;179;180m╴[38;2;183;62;120;48;2;234;150;163m╱[38;2;186;68;125;48;2;247;169;174m▗[38;2;254;178;179;48;2;227;144;162m▇[38;2;226;138;158;48;2;154;8;95m▇[38;2;218;139;167;48;2;191;75;129m┛[38;2;207;96;139;48;2;208;95;138m╵[38;2;208;95;138;48;2;193;73;126m▇[38;2;154;9;93;48;2;195;72;128m│[38;2;182;62;119;48;2;251;240;244m▊[38;2;255;246;245;48;2;254;243;243m▌[38;2;254;241;240;48;2;255;238;238m▌[38;2;254;234;233;48;2;253;239;238m▇[38;2;254;248;248;48;2;253;231;230m▍[38;2;254;249;248;48;2;253;227;225m╺[38;2;253;215;212;48;2;253;232;230m┻[38;2;252;238;237;48;2;254;212;209m▌[38;2;255;209;207;48;2;255;207;203m▏[0m
[38;2;255;212;209;48;2;254;214;211m▌[38;2;255;217;214;48;2;255;220;217m▋[38;2;254;223;221;48;2;255;227;226m▋[38;2;254;231;229;48;2;254;234;233m▌[38;2;255;238;237;48;2;254;241;240m▋[38;2;178;61;126;48;2;242;221;228m▗[38;2;194;101;151;48;2;174;43;114m▏[38;2;171;35;108;48;2;208;95;138m▍[38;2;207;96;138m╶[38;2;161;16;97;48;2;196;76;128m╲[38;2;174;41;111;48;2;219;129;153m▋[38;2;201;96;137;48;2;252;178;179m▘[38;2;192;89;128;48;2;244;169;177m╵[38;2;254;230;226;48;2;254;182;181m▂[38;2;254;230;225;48;2;254;185;184m▄[38;2;254;228;223;48;2;233;197;209m▉[38;2;194;95;139;48;2;246;171;171m▌[38;2;254;184;177;48;2;187;92;133m▆[38;2;253;183;176;48;2;195;94;134m▇[38;2;254;184;176;48;2;209;115;145m▇[38;2;253;183;176;48;2;185;86;128m▆[38;2;188;86;136;48;2;250;225;225m▋[38;2;255;232;229;48;2;251;215;213m┈[38;2;254;231;227;48;2;253;182;182m▃[38;2;252;194;193;48;2;220;125;152m▇[38;2;254;230;225;48;2;254;179;179m▂[38;2;254;230;227;48;2;254;179;180m▂[38;2;165;37;106;48;2;206;91;136m▍[38;2;185;66;120;48;2;208;95;138m▁[38;2;171;36;110;48;2;198;80;130m▂[38;2;200;81;134;48;2;165;24;103m╏[38;2;192;73;127;48;2;206;124;162m▉[38;2;178;76;131;48;2;231;198;214m▖[38;2;185;102;150;48;2;219;174;196m▁[38;2;201;130;167;48;2;250;228;229m▂[38;2;201;129;164;48;2;253;223;223m▂[38;2;255;221;220;48;2;251;215;215m╴[38;2;255;215;213;48;2;254;213;210m▌[38;2;255;212;208;48;2;255;210;207m▎[38;2;255;210;207;48;2;255;208;203m▏[0m
[38;2;255;212;209;48;2;254;215;212m▌[38;2;255;217;215;48;2;255;220;218m▍[38;2;255;223;221;48;2;255;226;225m▌[38;2;255;231;229;48;2;254;234;233m▌[38;2;255;239;238;48;2;251;232;233m┊[38;2;233;200;213;48;2;179;58;121m▖[38;2;210;162;191;48;2;179;59;121m┓[38;2;181;52;116;48;2;202;87;133m▘[38;2;173;38;108;48;2;197;79;129m▗[38;2;206;92;136;48;2;187;61;122m▆[38;2;176;52;118;48;2;221;166;188m▌[38;2;255;232;229;48;2;254;231;227m┈[38;2;255;232;228;48;2;254;233;227m▇[48;2;254;233;228m▇[48;2;255;232;228m [48;2;226;184;198m▉[38;2;179;65;125;48;2;249;176;173m▍[48;2;255;185;177m  [38;2;255;185;177;48;2;254;184;176m┈[38;2;162;46;100;48;2;229;159;173m╱[38;2;254;233;228;48;2;250;224;223m┊[48;2;255;232;228m   [38;2;255;233;227m▁[38;2;249;224;223;48;2;212;145;178m▉[38;2;160;28;102;48;2;198;79;129m▎[38;2;204;89;135;48;2;170;41;106m▇[38;2;245;219;219;48;2;194;87;136m▗[38;2;211;156;184;48;2;166;42;113m▅[38;2;230;201;214;48;2;198;106;142m┛[38;2;241;209;214;48;2;200;102;137m▃[38;2;254;233;229;48;2;181;84;139m▃[38;2;160;40;108;48;2;220;170;191m╴[38;2;169;50;119;48;2;225;174;191m▝[38;2;186;86;142;48;2;217;156;179m╴[38;2;169;42;113;48;2;219;150;174m╸[38;2;187;88;137;48;2;242;189;195m▖[38;2;255;206;205;48;2;253;204;202m┈[0m
[38;2;255;211;208;48;2;254;213;210m▌[38;2;255;216;213;48;2;254;219;217m▊[38;2;254;221;219;48;2;255;224;223m▋[38;2;255;227;225;48;2;254;232;229m▌[38;2;254;234;233;48;2;255;237;236m▖[38;2;254;242;242;48;2;253;238;239m┊[38;2;228;187;208;48;2;182;65;128m▎[38;2;205;91;136;48;2;182;53;117m▉[38;2;203;87;134;48;2;165;23;102m▋[38;2;198;78;131;48;2;208;95;138m▏[38;2;205;91;136;48;2;191;79;131m▇[38;2;201;95;139;48;2;246;219;219m▆[38;2;197;94;139;48;2;254;231;227m▄[38;2;182;66;122;48;2;251;227;224m▂[38;2;159;28;101;48;2;252;227;225m▁[38;2;198;143;167;48;2;255;232;228m▁[38;2;239;203;211;48;2;178;66;119m▋[38;2;187;90;137;48;2;239;167;173m┒[38;2;168;53;109;48;2;243;186;186m╶[38;2;204;132;160;48;2;239;193;199m┙[38;2;202;148;170;48;2;252;228;226m▁[38;2;156;11;96;48;2;252;227;225m▁[38;2;181;69;123;48;2;253;230;227m▂[38;2;185;71;124;48;2;252;229;226m▃[38;2;192;77;128;48;2;247;220;220m▄[38;2;187;69;125;48;2;246;220;220m▆[38;2;198;82;131;48;2;194;99;146m▇[38;2;242;234;240;48;2;201;95;140m▁[38;2;244;234;240;48;2;188;81;133m▄[38;2;152;6;92;48;2;215;158;182m╱[38;2;180;94;139;48;2;213;160;186m╱[38;2;240;208;213;48;2;186;107;148m▇[38;2;249;224;222;48;2;210;156;179m▇[48;2;255;232;228m [38;2;190;107;153;48;2;251;226;225m▗[38;2;163;47;114;48;2;226;173;193m┓[38;2;189;105;142;48;2;241;197;201m╺[38;2;181;83;132;48;2;218;151;173m╴[38;2;246;193;196;48;2;187;87;136m▄[38;2;249;198;198;48;2;213;137;162m▇[0m
[38;2;254;209;206;48;2;255;211;208m▌[38;2;255;215;214;48;2;254;212;210m▝[38;2;255;221;219;48;2;254;217;215m▝[38;2;255;227;226;48;2;254;222;220m▝[38;2;255;227;224;48;2;254;232;230m▖[38;2;253;236;235;48;2;214;169;192m▉[38;2;225;131;174;48;2;194;86;138m┚[48;2;208;95;138m [38;2;174;39;109;48;2;207;93;138m▝[38;2;207;95;137;48;2;208;95;138m▏ [38;2;180;55;116m▁[38;2;198;105;151;48;2;186;74;129m┄[38;2;249;241;247;48;2;175;86;127m─[38;2;195;141;170;48;2;142;65;100m╸[38;2;91;56;72;48;2;163;30;103m▄[38;2;175;135;157;48;2;123;63;95m╲[38;2;146;25;94;48;2;230;150;165m▌[38;2;254;230;226;48;2;253;184;183m▁[38;2;255;232;228;48;2;252;183;183m▂[38;2;228;161;180;48;2;121;38;85m▍[38;2;180;173;175;48;2;115;47;85m▍[38;2;91;58;71;48;2;181;61;118m▅[38;2;88;60;70;48;2;182;54;116m▄[38;2;214;175;200;48;2;144;54;99m╶[38;2;253;250;251;48;2;168;93;130m━[38;2;154;37;104;48;2;240;226;234m▁[38;2;230;210;220;48;2;254;254;254m▁[38;2;201;142;176;48;2;250;244;246m▝[38;2;178;70;126;48;2;213;165;193m━[38;2;195;95;142;48;2;229;175;191m┓[38;2;165;38;107;48;2;252;209;207m▂[38;2;192;89;129;48;2;254;215;212m▂[38;2;209;148;170;48;2;251;209;208m▂[38;2;184;99;146;48;2;213;168;192m╃[38;2;224;191;211;48;2;170;62;123m▊[38;2;199;116;154;48;2;253;210;209m▏[38;2;255;210;206;48;2;254;208;206m╴[38;2;255;207;203;48;2;255;206;203m┈[38;2;255;205;201;48;2;255;206;202m▗[0m
[38;2;255;209;206;48;2;255;207;203m▝[38;2;255;212;209;48;2;254;210;207m▝[38;2;254;213;210;48;2;255;215;213m▌[38;2;255;217;215;48;2;255;220;218m▌[38;2;250;218;218;48;2;197;112;157m▉[38;2;227;135;175;48;2;203;104;149m┓[38;2;207;94;138;48;2;196;85;140m▇[38;2;193;79;135;48;2;207;95;138m▘[38;2;181;57;115;48;2;206;92;136m╶[38;2;174;41;110;48;2;198;81;131m━[38;2;246;240;244;48;2;194;115;156m▂[38;2;231;208;221;48;2;185;103;149m▇[38;2;217;189;205;48;2;131;65;100m▄[38;2;80;67;68;48;2;94;65;76m╴[48;2;79;67;67m [38;2;78;67;67m╺[38;2;78;68;67;48;2;104;59;81m╴[38;2;152;75;119;48;2;194;112;150m▉[38;2;180;119;136;48;2;228;208;197m╾[38;2;183;120;137;48;2;222;200;190m╺[38;2;200;158;162;48;2;129;38;90m▌[38;2;198;174;186;48;2;116;49;86m▎[38;2;79;67;68;48;2;79;67;67m╴  [38;2;230;204;219;48;2;109;55;83m▗[38;2;182;101;147;48;2;230;209;221m╺[38;2;216;181;201;48;2;186;113;154m▅[38;2;247;238;243;48;2;199;138;173m▅[38;2;255;255;255;48;2;255;254;254m┊[48;2;251;248;249m┈[38;2;237;221;230;48;2;206;155;182m▇[38;2;254;254;254;48;2;188;118;154m▆[38;2;254;255;254;48;2;244;234;240m┈[38;2;252;250;251;48;2;215;171;193m▇[38;2;252;249;251;48;2;165;53;119m▊[38;2;180;77;131;48;2;252;207;206m▏[38;2;255;207;205;48;2;255;207;203m▍[38;2;254;205;201;48;2;255;206;202m▗[48;2;254;205;201m [0m
[?25h