[?25l[0m [38;2;0;0;0m                [0m [38;2;136;109;117m▁[38;2;184;144;155m▂[38;2;177;136;148m▃[38;2;196;146;159m▃[38;2;197;142;157m▃[38;2;194;137;153m▃[38;2;194;138;153m▃[38;2;180;133;145m▃[38;2;201;153;165m▂[38;2;203;156;167m▁[0m [38;2;13;15;24m           [0m
 [38;2;0;0;0m            [38;2;123;98;109m▁[38;2;193;144;158m▃[38;2;178;125;139m▅[38;2;181;120;137m▆[38;2;177;114;132;48;2;120;96;105m▇[38;2;164;97;116;48;2;209;153;167m▆[48;2;206;149;164m▇[48;2;164;98;117m┈[48;2;162;99;115m▇[48;2;164;98;115m▇[48;2;164;97;116m [48;2;165;97;115m▇[48;2;164;98;115m▇[38;2;163;97;116;48;2;164;97;116m┊[38;2;164;97;116;48;2;195;136;151m▇[38;2;169;104;122;48;2;165;127;138m▇[0m[38;2;171;108;127m▆[38;2;164;109;125m▅[38;2;154;115;127m▃[0m [38;2;13;15;24m       [0m
 [38;2;0;0;0m          [38;2;163;125;137m▗[38;2;178;124;139m▆[38;2;162;96;114;48;2;202;148;162m▅[38;2;162;94;114;48;2;164;98;117m╴[48;2;164;97;116m [38;2;164;96;116m▁ [38;2;162;95;115m╷[38;2;164;97;116;48;2;164;97;117m▉[38;2;166;100;120;48;2;165;98;117m▖[38;2;165;101;120;48;2;164;97;116m▂[38;2;165;100;119m▂[38;2;165;98;117m▁       [38;2;164;97;116;48;2;166;100;118m┈[38;2;171;111;127;48;2;113;90;100m▇[0m[38;2;151;110;122m▄[0m [38;2;13;15;24m     [0m
 [38;2;0;0;0m        [0m [7m[38;2;155;110;124m▘[0m[38;2;165;99;119;48;2;205;147;163m▂[38;2;189;126;143;48;2;171;106;124m▏[38;2;145;81;100;48;2;153;86;106m╷[38;2;188;126;143;48;2;157;89;109m▁[38;2;159;92;112;48;2;163;96;116m▇[38;2;159;91;112;48;2;161;94;114m▆[38;2;163;96;116;48;2;157;92;112m┊[38;2;154;89;108;48;2;157;91;111m╴[38;2;159;91;111;48;2;164;96;116m▆[38;2;158;91;111;48;2;165;98;118m▄[38;2;160;93;113;48;2;165;101;120m▃[38;2;162;94;114;48;2;165;99;119m▂[38;2;164;97;116;48;2;162;95;115m┈[38;2;161;94;114;48;2;164;97;116m▃[38;2;163;96;116;48;2;164;97;117m▁[38;2;165;98;117;48;2;164;97;116m▇▇▖▃[38;2;165;97;117m▃[38;2;165;98;117m▁ [38;2;166;99;118;48;2;182;120;138m▇[0m[7m[38;2;163;117;131m▝[0m [38;2;13;15;24m    [0m
 [38;2;0;0;0m        [7m[38;2;163;118;131m▘[0m[38;2;153;85;104;48;2;156;89;109m╴[38;2;153;85;106;48;2;153;86;106m┒[38;2;131;71;89;48;2;148;84;103m╶[38;2;137;77;95;48;2;152;86;106m▏[38;2;156;89;109;48;2;194;133;150m▆[38;2;192;127;145;48;2;158;91;111m╹[38;2;157;89;109;48;2;158;92;111m╴[38;2;115;66;80;48;2;149;85;104m▖[38;2;176;113;132;48;2;159;93;112m┉[38;2;145;80;99;48;2;155;87;107m▏[38;2;222;162;179;48;2;166;101;119m╻[38;2;186;121;140;48;2;160;92;112m╻[38;2;157;91;111;48;2;131;74;92m▉[38;2;131;73;91;48;2;158;92;112m▏[38;2;195;133;152;48;2;161;93;113m▁[38;2;156;89;108;48;2;161;93;114m▆[38;2;159;91;111;48;2;164;97;116m▄[38;2;162;95;115;48;2;165;98;117m▖[38;2;152;90;109;48;2;163;97;117m┊[38;2;165;100;119;48;2;164;97;117m▁[38;2;161;95;115;48;2;165;98;118m▁[38;2;162;95;114;48;2;151;84;104m▉[38;2;160;92;113;48;2;159;91;112m┊[38;2;180;113;133;48;2;163;96;116m╻[38;2;163;97;116;48;2;165;99;118m┊[0m[38;2;136;100;112m▋    [0m
 [38;2;0;0;0m       [7m[38;2;72;58;65m▉[0m[38;2;134;74;93;48;2;179;122;138m▗[38;2;124;71;87;48;2;152;85;105m╽[38;2;155;87;106;48;2;153;85;106m▂[38;2;99;51;64;48;2;144;81;99m╽[48;2;153;86;106m [38;2;149;84;104;48;2;152;85;105m╷[38;2;138;79;97;48;2;155;90;110m─[38;2;125;86;96;48;2;154;102;115m╼[38;2;99;57;68;48;2;149;86;104m▏[38;2;154;88;108;48;2;116;58;76m▉[38;2;142;84;102;48;2;155;88;107m▏[38;2;154;87;107;48;2;164;98;118m▇[38;2;156;88;108;48;2;157;90;110m▇[38;2;121;72;86;48;2;142;83;101m╺[38;2;104;65;75;48;2;150;93;109m┫[38;2;158;91;110;48;2;204;144;160m▆[38;2;175;109;129;48;2;154;87;107m▝[38;2;156;89;109;48;2;160;92;113m╴[38;2;122;64;82;48;2;156;91;111m╻[38;2;155;91;109;48;2;160;98;116m▍[38;2;195;134;152;48;2;156;89;109m▝[38;2;189;128;146;48;2;161;94;114m▏[38;2;153;87;107;48;2;157;90;110m┈[38;2;125;64;82;48;2;155;88;108m▏[38;2;154;87;107;48;2;160;93;113m▇[48;2;158;90;110m▆[38;2;105;61;74;48;2;148;97;112m│[0m [38;2;38;33;40m   [0m
 [38;2;0;0;0m       [0m [38;2;173;125;138;48;2;98;55;66m▌[38;2;118;67;82;48;2;135;82;97m┈[38;2;162;94;114;48;2;156;88;107m▃[38;2;102;54;66;48;2;143;81;98m┃[38;2;122;68;84;48;2;152;89;108m▏[38;2;163;97;116;48;2;160;92;112m▆[38;2;117;71;83;48;2;150;91;108m┌[38;2;198;171;170;48;2;127;94;98m▉[38;2;117;75;85;48;2;153;92;110m▖[38;2;159;94;113;48;2;109;58;73m▉[38;2;155;94;112;48;2;146;80;98m▌[38;2;159;91;111;48;2;156;88;108m▅[38;2;159;92;112;48;2;156;89;109m▅[38;2;119;78;86;48;2;147;97;108m┗[38;2;93;60;66;48;2;151;102;113m╿[38;2;154;87;107;48;2;134;77;94m▆[38;2;140;80;98;48;2;152;86;106m╺[38;2;126;70;87;48;2;147;86;104m┈[38;2;115;63;76;48;2;134;75;91m▂[38;2;171;108;124;48;2;154;89;107m╹[38;2;152;84;105;48;2;155;86;107m▆[38;2;154;87;106;48;2;152;85;105m┊[38;2;153;86;106;48;2;139;78;96m▉[38;2;128;68;87;48;2;153;86;106m▏[38;2;155;88;108m▖[38;2;154;86;106;48;2;155;87;107m▃[38;2;126;68;85;48;2;148;87;105m│[0m[38;2;65;46;54m▏   [0m
 [38;2;0;0;0m      [0m [38;2;26;26;34m [38;2;140;95;108m┗[7m[38;2;83;56;66m╴[0m[38;2;88;46;56;48;2;151;86;103m▄[38;2;95;44;56;48;2;118;63;77m▅[38;2;94;56;63;48;2;214;189;188m▋[38;2;61;56;52;48;2;210;188;186m▂[38;2;61;59;57;48;2;213;195;192m▂[38;2;109;104;102;48;2;237;223;218m▁[38;2;241;226;221;48;2;158;128;132m▅[38;2;251;238;231;48;2;158;103;116m▄[38;2;247;233;227;48;2;143;95;105m▄[38;2;245;231;226;48;2;151;94;109m▃[38;2;252;240;234;48;2;152;99;114m▂[38;2;149;120;123;48;2;221;200;199m▍[38;2;229;214;208;48;2;157;118;124m▂[38;2;171;140;143;48;2;142;92;105m▁[38;2;163;97;116;48;2;160;92;113m▄[38;2;123;70;86;48;2;149;88;107m╷[38;2;127;69;85;48;2;112;62;75m╹[38;2;161;95;114;48;2;154;87;107m▌[38;2;153;85;106;48;2;153;86;106m┓[38;2;140;72;92;48;2;152;84;105m▍[38;2;153;86;106;48;2;101;52;65m▊[38;2;129;73;88;48;2;144;82;100m┌[38;2;157;89;109;48;2;158;91;111m▂[38;2;155;88;107;48;2;147;80;100m▊[0m[38;2;142;79;98m▉[0m [38;2;13;15;24m   [0m
 [38;2;0;0;0m      [7m[38;2;114;104;107m▅[38;2;107;97;101m▖[0m[38;2;169;149;151m▖[38;2;150;117;127m▗[38;2;105;77;83;48;2;98;46;59m▏[38;2;84;40;49;48;2;100;45;60m▁[38;2;85;39;49;48;2;217;172;167m▋[38;2;253;192;183;48;2;240;191;182m┈[38;2;252;211;202;48;2;150;128;123m▇[38;2;239;212;204;48;2;41;32;31m▇[38;2;253;227;221;48;2;237;211;204m┊[38;2;250;204;194;48;2;253;233;225m▃[38;2;252;214;205;48;2;253;237;229m▃[38;2;253;225;216;48;2;254;240;232m▃[38;2;253;229;220m▂[38;2;106;98;95;48;2;239;228;223m╺[38;2;43;37;40;48;2;182;163;175m━[38;2;58;43;58;48;2;212;199;195m▄[38;2;48;36;50;48;2;192;174;172m▃[38;2;46;41;42;48;2;191;170;170m▁[38;2;97;66;72;48;2;150;96;111m▘[38;2;160;92;112;48;2;156;88;108m▎[38;2;155;87;106;48;2;140;73;91m▉[38;2;135;68;85;48;2;150;85;104m▏[38;2;154;92;110;48;2;88;47;58m▋[38;2;79;32;43;48;2;131;72;87m╵[38;2;155;87;107;48;2;153;86;106m▎[38;2;154;86;105;48;2;141;73;92m▊[38;2;149;82;102;48;2;71;46;57m▉[0m[38;2;149;82;102m    [0m
 [38;2;0;0;0m     [0m [7m[38;2;182;171;169m▘[0m[38;2;188;162;160;48;2;118;107;103m▆[38;2;210;198;195;48;2;118;109;111m▇[38;2;233;203;197;48;2;163;124;130m▆[38;2;198;168;162;48;2;117;83;82m▖[38;2;207;170;168;48;2;132;94;91m▝[38;2;159;147;144;48;2;199;182;181m└[38;2;254;242;236;48;2;252;234;227m╴[38;2;254;239;232;48;2;253;225;217m▇[38;2;254;241;233;48;2;253;230;222m▇[38;2;253;242;235;48;2;250;236;229m┈[38;2;253;238;230;48;2;249;203;194m▆[38;2;254;239;231;48;2;253;218;210m▅[38;2;253;237;229;48;2;253;219;213m▄[38;2;253;236;227;48;2;252;219;211m▃[38;2;252;229;220m▂[38;2;250;209;202;48;2;189;161;186m▇[38;2;239;189;190;48;2;137;104;141m▇[38;2;241;189;181;48;2;131;97;141m▅[38;2;211;181;180;48;2;124;90;96m▌[38;2;113;66;79;48;2;153;92;109m╻[38;2;164;97;116;48;2;160;93;113m▅[38;2;108;57;72;48;2;146;84;101m╻[38;2;159;94;111;48;2;122;71;84m▘[38;2;200;193;190;48;2;122;77;87m╻[38;2;132;71;87;48;2;149;84;102m▏[38;2;145;78;96;48;2;153;86;105m▖[38;2;153;85;105;48;2;138;73;90m▋[38;2;150;82;101;48;2;100;58;71m▉[0m [38;2;21;20;29m   [0m
 [38;2;0;0;0m     [38;2;140;120;119m▝[38;2;139;116;117;48;2;186;154;151m▏[38;2;165;130;127;48;2;217;189;184m▍[38;2;205;184;179;48;2;228;209;203m╴[38;2;215;197;195;48;2;235;221;216m╶[38;2;209;192;187;48;2;165;138;135m▊[38;2;183;103;101;48;2;145;89;89m╶[38;2;181;127;128;48;2;235;225;225m▌[38;2;167;161;158;48;2;224;218;214m╶[38;2;243;234;230;48;2;238;228;222m╴[48;2;254;241;233m [38;2;187;150;144;48;2;248;235;227m╺[38;2;238;187;173;48;2;250;236;229m▄[38;2;239;186;170;48;2;254;241;233m▄[38;2;238;184;169m▄[38;2;234;183;168;48;2;252;238;230m▄[38;2;237;208;197;48;2;250;235;228m▏[38;2;253;239;231;48;2;254;225;217m▆[48;2;253;216;207m▅[38;2;188;164;166;48;2;232;205;199m┌[38;2;168;142;142;48;2;152;109;115m╻[38;2;202;194;192;48;2;145;91;104m▁[38;2;174;160;159;48;2;147;93;107m▂[38;2;231;224;217;48;2;137;96;104m╶[38;2;162;134;136;48;2;118;80;87m▘[38;2;181;150;155;48;2;147;83;101m▘[38;2;138;72;90;48;2;150;83;102m┎[38;2;124;62;78;48;2;147;80;99m▗[38;2;113;58;72;48;2;143;80;97m▖[38;2;158;92;111;48;2;138;79;96m╴[0m [38;2;20;20;29m   [0m
 [38;2;0;0;0m      [38;2;172;142;141m▝[38;2;201;166;163;48;2;194;161;158m┊[38;2;187;152;149;48;2;201;166;162m▏[38;2;183;149;147;48;2;210;187;183m╸[38;2;172;170;168;48;2;222;214;209m╶[38;2;144;109;108;48;2;218;208;206m▝[38;2;174;112;110;48;2;161;99;99m┊[38;2;174;115;116;48;2;209;188;189m▊[38;2;187;169;171;48;2;239;239;238m▂[38;2;173;159;160;48;2;220;213;210m▃[38;2;111;82;86;48;2;241;230;222m▃[38;2;149;133;134;48;2;249;237;229m▁[38;2;248;237;230;48;2;235;189;177m▆[38;2;243;231;224;48;2;237;183;166m▆[38;2;131;112;109;48;2;244;224;216m▁[38;2;182;160;156;48;2;252;240;232m▂[38;2;188;159;156;48;2;248;236;229m▃[38;2;194;164;161;48;2;245;233;227m▅[38;2;196;166;163;48;2;208;198;193m▇[38;2;140;73;90;48;2;117;70;80m┏[38;2;120;64;78;48;2;125;65;80m┊[38;2;117;56;72;48;2;127;65;81m╶[38;2;126;66;81;48;2;134;70;87m╵[38;2;129;66;82;48;2;141;74;91m▊[38;2;136;70;88;48;2;149;83;102m▅[38;2;143;80;97;48;2;131;69;85m╶[38;2;144;110;117;48;2;127;73;87m╷[38;2;117;65;78;48;2;153;88;106m▎[0m[38;2;141;82;98m▌    [0m
 [38;2;0;0;0m   [0m [38;2;192;183;182m▃[38;2;199;190;190m▄[38;2;132;128;128m▃[38;2;52;48;51;48;2;147;120;117m▍[38;2;202;163;161;48;2;201;163;161m┈[38;2;201;165;162;48;2;173;150;148m▉[38;2;138;125;123;48;2;185;172;171m┒[38;2;174;156;157;48;2;200;183;183m▖[38;2;201;182;182;48;2;140;124;124m▇[38;2;97;74;77;48;2;204;184;185m▁[38;2;143;101;111;48;2;203;183;184m▂[38;2;177;157;157;48;2;123;85;92m▘[38;2;85;43;52;48;2;120;60;73m▘[38;2;169;132;133;48;2;117;58;73m▂[38;2;181;150;147;48;2;80;42;50m▃[38;2;68;49;49;48;2;150;122;120m▘[38;2;198;163;161;48;2;159;125;123m▆[38;2;201;167;165;48;2;201;166;165m┈[38;2;201;166;165;48;2;200;164;162m▘[38;2;201;165;162;48;2;199;164;160m▂[38;2;200;168;165;48;2;201;166;163m╴[38;2;158;124;125;48;2;115;66;77m▖[38;2;116;63;77;48;2;133;69;86m▂[38;2;144;74;93;48;2;140;73;91m┊[38;2;130;71;86;48;2;139;73;90m▁[38;2;112;62;74;48;2;142;75;92m▂[38;2;143;77;95;48;2;134;74;89m╴[38;2;118;97;104;48;2;128;81;94m┄[0m[7m[38;2;125;79;91m▁[38;2;139;89;102m▃[0m [38;2;82;58;70m    [0m
 [38;2;0;0;0m [0m [38;2;134;129;129;48;2;36;35;38m▂[38;2;212;212;212;48;2;48;45;46m▃[38;2;110;108;108;48;2;231;228;226m▇[38;2;85;83;82;48;2;154;153;152m▆[38;2;228;228;228;48;2;81;81;81m▌[38;2;194;155;153;48;2;85;68;67m▗[38;2;174;136;133;48;2;190;152;150m╴[38;2;201;163;160;48;2;199;161;159m┊[38;2;204;172;169;48;2;102;78;80m▘[38;2;144;91;104;48;2;125;72;86m▚[38;2;95;50;61;48;2;130;74;89m└[38;2;115;63;76;48;2;137;79;93m▏[38;2;127;65;81;48;2;159;94;112m━[38;2;112;65;76;48;2;158;128;129m▊[38;2;168;133;131;48;2;230;210;204m▘[38;2;243;226;220;48;2;212;179;176m▃[38;2;214;181;177;48;2;204;169;166m▁[38;2;205;171;170;48;2;201;167;165m┈[38;2;203;169;165;48;2;203;166;164m┒[38;2;201;167;164;48;2;201;165;161m╾[38;2;213;179;175;48;2;200;164;161m▁[38;2;238;218;211;48;2;202;166;163m▂[38;2;250;236;228;48;2;207;173;170m▃[38;2;254;240;234;48;2;229;209;204m╴[38;2;250;239;231;48;2;130;95;101m▄[0m[7m[38;2;146;115;120m━[38;2;125;94;101m━[38;2;116;76;88m▃[38;2;126;71;85m▆[38;2;61;48;55m▆[0m  [38;2;13;15;24m     [0m
[38;2;95;90;89m▗[38;2;184;182;180m▄[38;2;144;143;144;48;2;242;242;242m▘[38;2;183;164;166;48;2;228;224;224m▝[38;2;244;244;245;48;2;242;242;242m┊[38;2;207;196;197;48;2;57;50;48m▊[38;2;159;158;158;48;2;62;60;60m▝[38;2;121;120;120;48;2;219;219;219m▝[38;2;126;104;102;48;2;74;73;72m▝[38;2;43;37;37;48;2;184;148;147m▃[38;2;49;39;37;48;2;135;111;108m▆[38;2;33;27;25;48;2;53;47;46m▖[38;2;84;46;56;48;2;141;80;97m▏[38;2;128;70;88;48;2;153;87;107m▝[38;2;165;97;117;48;2;156;91;110m┊[38;2;125;82;91;48;2;164;97;116m▃[38;2;242;227;222;48;2;149;109;118m▃[38;2;254;241;234;48;2;251;239;232m╴[48;2;254;241;233m [38;2;253;239;232;48;2;227;200;195m▇[38;2;253;240;233;48;2;219;185;181m▆[38;2;251;237;230;48;2;210;175;170m▆[38;2;254;241;233;48;2;215;185;180m▅[38;2;253;241;233;48;2;210;178;173m▅[38;2;254;242;233;48;2;220;200;195m▅[38;2;254;242;234;48;2;247;234;226m┈[38;2;190;192;181;48;2;238;228;220m▁[38;2;150;153;142;48;2;189;190;179m╷[38;2;166;163;153;48;2;216;208;199m┛[38;2;247;227;220;48;2;147;130;125m▇[0m[38;2;232;209;201m▆[38;2;202;183;178m▄[0m [38;2;13;15;24m       [0m
[38;2;171;166;163;48;2;241;240;240m▘[38;2;198;185;186;48;2;236;234;233m━[38;2;190;168;170;48;2;215;207;207m▆[38;2;245;243;243;48;2;197;177;179m▝[38;2;209;200;201;48;2;241;241;240m▁[38;2;233;228;229;48;2;200;187;187m▆[38;2;229;228;227;48;2;100;98;96m▄[38;2;229;229;229;48;2;98;95;95m▁[38;2;80;71;71;48;2;181;173;173m▃[38;2;149;131;133;48;2;65;57;57m▄[38;2;121;105;106;48;2;40;32;32m▃[38;2;125;84;94;48;2;65;50;52m╼[38;2;160;94;114;48;2;153;89;107m╴[38;2;116;64;80;48;2;140;81;98m╶[38;2;156;91;110;48;2;149;88;106m┈[38;2;178;148;151;48;2;145;88;104m▁[38;2;186;176;173;48;2;253;240;233m▏[38;2;254;240;232;48;2;254;241;233m▁  [38;2;254;242;235m▂[38;2;254;241;234m▁  [38;2;254;241;233;48;2;253;241;233m┈[38;2;151;154;146;48;2;211;207;198m╺[38;2;124;129;119;48;2;186;187;177m╱[38;2;254;241;233;48;2;238;227;220m┈[48;2;254;240;232m╸[38;2;253;233;226;48;2;254;236;229m▝[38;2;253;230;223;48;2;254;226;218m▌[38;2;254;226;215;48;2;253;221;212m▂[38;2;85;83;86;48;2;241;216;208m▝[0m [38;2;13;15;24m      [0m
[7m[38;2;244;244;244m [0m[38;2;0;0;0;48;2;244;244;244m [38;2;243;242;242;48;2;209;200;201m▇[38;2;244;243;244;48;2;194;178;179m▄[38;2;171;152;154;48;2;200;183;185m╵[38;2;191;169;172;48;2;231;229;228m▄[38;2;179;158;160;48;2;242;240;240m▄[38;2;156;138;139;48;2;218;208;208m▂[38;2;79;67;67;48;2;188;168;171m▁[38;2;144;127;128;48;2;62;52;52m▊[38;2;46;38;38;48;2;57;48;47m▇[38;2;110;85;88;48;2;54;43;43m▗[38;2;93;55;63;48;2;136;79;95m▁[38;2;111;59;72;48;2;139;80;97m╴[38;2;134;76;92;48;2;89;54;62m▊[38;2;60;50;51;48;2;172;166;158m▂[38;2;64;54;57;48;2;244;229;221m▃[38;2;107;94;93;48;2;236;216;210m▖[38;2;232;209;204;48;2;251;232;225m▏[38;2;254;234;227;48;2;254;238;230m▄[38;2;254;235;228m▃[38;2;253;236;228;48;2;254;239;231m▃[38;2;254;239;231;48;2;254;240;232m▖[38;2;211;209;197;48;2;252;240;231m▁[38;2;129;134;122;48;2;201;203;192m╱[38;2;98;87;82;48;2;193;188;179m╱[38;2;253;242;234;48;2;252;240;233m┈[48;2;254;241;233m [38;2;254;240;232m▗[38;2;254;239;232;48;2;254;237;229m▏[38;2;252;232;226;48;2;254;235;228m▝[38;2;254;235;228;48;2;253;229;221m▃[38;2;253;232;224;48;2;253;225;217m▄[0m[7m[38;2;230;210;203m▝[0m [38;2;13;15;24m     [0m
[7m[38;2;200;192;192m▃[38;2;210;200;201m▁[0m[38;2;60;54;57;48;2;221;210;211m▁[38;2;165;147;150;48;2;226;217;218m▂[38;2;110;99;103;48;2;207;191;193m▁[0m[7m[38;2;154;134;137m▂[38;2;129;110;112m▂[38;2;124;104;106m▄[38;2;69;58;59m▖[0m[38;2;42;33;34;48;2;52;39;43m▎[38;2;70;57;65;48;2;46;35;39m▇[38;2;56;42;50;48;2;67;57;61m▅[38;2;55;42;49;48;2;62;49;55m▅[38;2;86;51;61;48;2;66;51;58m▁[38;2;67;49;56;48;2;51;38;44m▚[38;2;55;43;49;48;2;68;55;63m▘[38;2;72;60;68;48;2;66;54;61m╴[38;2;72;71;69;48;2;157;167;155m▍[38;2;105;117;105;48;2;178;184;171m─[38;2;104;118;106;48;2;185;189;178m─[38;2;168;177;164;48;2;253;235;228m▇[38;2;175;189;173;48;2;170;163;156m▆[38;2;186;193;179;48;2;179;189;174m┊[48;2;179;192;175m [38;2;176;189;173;48;2;127;130;119m▉[38;2;135;115;111;48;2;230;207;200m▎[38;2;201;165;162;48;2;246;228;221m▅[38;2;178;147;142;48;2;224;199;194m━[38;2;168;136;133;48;2;245;230;223m▃[38;2;254;238;230;48;2;253;236;228m┈[38;2;253;237;229;48;2;254;237;229m▝[38;2;254;237;229;48;2;254;235;228m▆▅[48;2;254;236;228m [38;2;187;177;173;48;2;37;36;39m▌[0m[38;2;72;68;67m▅[38;2;132;126;124m▖   [0m
 [38;2;0;0;0m  [0m  [38;2;13;15;24m  [0m [7m[38;2;47;42;43m▘[0m[38;2;72;71;70;48;2;53;48;47m▁[38;2;78;76;69;48;2;53;42;46m╴[38;2;56;45;52;48;2;61;47;54m▂[38;2;58;40;46;48;2;113;63;76m▉[38;2;142;84;100;48;2;56;42;47m▋[38;2;69;58;65;48;2;51;39;46m▆[38;2;47;33;38;48;2;64;52;59m╺[38;2;63;58;60;48;2;153;163;152m▋[38;2;178;191;175;48;2;173;188;174m▇[38;2;176;189;173;48;2;179;192;175m▁     [38;2;168;179;163;48;2;177;190;174m╷[38;2;83;75;69;48;2;167;150;144m╻[38;2;199;160;156;48;2;200;160;158m▁[38;2;134;115;111;48;2;193;155;153m▁[38;2;55;46;44;48;2;180;150;147m▅[38;2;236;220;214;48;2;76;65;63m▝[38;2;251;232;225;48;2;239;220;213m┈[38;2;254;237;229;48;2;249;233;225m╴[38;2;101;97;95;48;2;246;231;223m▃[38;2;63;61;61;48;2;203;193;186m▅[38;2;61;58;59;48;2;67;64;64m┊[38;2;65;62;62;48;2;60;57;57m┈[38;2;142;132;128;48;2;80;73;71m┊[0m [38;2;25;27;33m  [0m
 [38;2;0;0;0m    [38;2;38;37;41m▁[38;2;50;46;46m▂[38;2;62;59;59;48;2;25;25;28m▃[38;2;50;46;45;48;2;63;60;60m▚[38;2;61;66;63;48;2;126;138;130m▍[38;2;137;151;141;48;2;76;76;74m▅[38;2;118;129;120;48;2;62;52;56m▂[38;2;76;42;50;48;2;133;81;94m▊[38;2;160;97;115;48;2;87;56;66m▋[38;2;158;94;113;48;2;73;57;65m▃[38;2;160;95;114;48;2;80;60;68m▅[38;2;49;29;33;48;2;140;118;120m╲[38;2;167;181;166;48;2;163;177;162m┈[38;2;176;190;174;48;2;175;188;173m┊[38;2;179;192;175;48;2;177;190;174m▝[38;2;176;189;173;48;2;178;191;175m▃[38;2;177;190;174;48;2;179;192;175m▖  [38;2;148;165;151;48;2;176;191;175m▝[38;2;117;134;124;48;2;127;142;132m┊[38;2;85;88;82;48;2;144;133;127m▗[38;2;94;94;86;48;2;61;56;52m┙[38;2;39;29;28;48;2;36;28;26m┊[38;2;58;55;55;48;2;35;27;25m▃[38;2;56;53;52;48;2;143;123;120m▆[38;2;136;123;123;48;2;64;62;60m▂[38;2;188;176;176;48;2;60;58;57m▃[38;2;203;188;189;48;2;72;69;69m▄[38;2;177;162;163;48;2;68;65;65m▅[38;2;179;158;161;48;2;43;38;37m▂[38;2;174;159;161;48;2;82;74;74m▁[0m[38;2;69;64;64m▆[38;2;127;113;114m▃[0m [0m
  [38;2;100;94;92m▃[38;2;84;79;77m▅[38;2;70;66;66m▇[38;2;68;64;63;48;2;64;61;61m▘[38;2;65;62;63;48;2;59;56;56m▇[48;2;63;61;62m╴[38;2;123;138;129;48;2;70;73;70m▄[38;2;136;155;144;48;2;138;155;144m╴[38;2;141;158;145;48;2;174;188;173m▎[38;2;179;192;175;48;2;175;187;172m┈[38;2;157;131;134;48;2;95;66;71m▄[38;2;155;92;111;48;2;100;86;87m▝[38;2;150;137;135;48;2;153;110;120m╷[38;2;178;193;176;48;2;149;96;111m▂[38;2;100;72;77;48;2;151;137;134m┚[38;2;74;65;63;48;2;144;155;144m▘[38;2;170;186;171;48;2;149;166;155m▂[38;2;144;161;150;48;2;168;184;170m▅[38;2;140;158;147;48;2;173;188;172m▅[38;2;141;157;146;48;2;174;188;173m▅[38;2;177;191;175;48;2;179;192;175m╸[38;2;120;141;129;48;2;159;175;160m▗[48;2;130;150;138m┈[38;2;55;53;50;48;2;111;128;117m▅[38;2;37;30;27;48;2;71;76;70m▇[38;2;57;55;55;48;2;38;31;29m▃[38;2;49;45;43;48;2;44;40;39m▇[38;2;83;76;76;48;2;55;50;48m▁[38;2;82;74;74;48;2;170;155;157m▘[38;2;219;212;212;48;2;163;143;144m▇[38;2;144;131;132;48;2;208;196;197m╼[38;2;200;190;191;48;2;193;176;177m╵[38;2;186;164;166;48;2;162;150;151m▇[38;2;155;142;142;48;2;191;166;169m▂[38;2;140;133;132;48;2;212;207;207m╸[38;2;215;215;215;48;2;88;86;86m▊[38;2;70;66;65;48;2;118;105;106m▉[0m[7m[38;2;125;111;113m▝[0m
[38;2;79;72;72m▄[38;2;59;50;49;48;2;76;72;70m╴[38;2;62;58;58;48;2;64;60;60m┊[38;2;65;62;63;48;2;64;62;63m▆[48;2;64;61;62m┈[38;2;85;98;90;48;2;62;61;61m▁[38;2;145;162;149;48;2;68;70;68m▃[38;2;147;163;151;48;2;89;99;92m▆[38;2;157;174;163;48;2;141;158;147m▃[38;2;142;159;148;48;2;166;182;167m▘[38;2;154;171;157;48;2;175;189;174m▌[38;2;177;190;174;48;2;179;192;175m▄[38;2;178;193;176;48;2;178;191;175m┊[38;2;172;185;169;48;2;102;101;96m▇[38;2;129;146;133;48;2;167;181;165m▖[38;2;178;191;175;48;2;179;192;175m▖[38;2;154;168;152;48;2;177;190;174m╹[38;2;177;191;175;48;2;179;192;175m▍ [38;2;179;192;175;48;2;168;184;169m▇[38;2;177;190;174;48;2;157;174;160m▇[38;2;174;189;173;48;2;153;170;157m▇[38;2;173;187;171;48;2;132;146;132m▉[38;2;66;73;65;48;2;118;136;124m▗[38;2;88;103;93;48;2;34;27;24m▘[38;2;29;21;21;48;2;39;30;29m┌[38;2;27;23;22;48;2;57;54;55m▘[38;2;52;48;48;48;2;64;61;62m▗[38;2;36;31;30;48;2;60;57;57m▄[38;2;71;62;61;48;2;166;149;150m▌[38;2;217;204;205;48;2;240;238;237m▎[38;2;202;186;188;48;2;242;241;241m▂[38;2;241;239;239;48;2;171;158;160m▅[38;2;218;219;219;48;2;140;128;131m▆[38;2;222;222;222;48;2;134;131;129m▇[38;2;191;191;191;48;2;233;233;233m╸[38;2;215;215;215;48;2;232;232;232m┊[38;2;235;235;235;48;2;138;138;138m▊[38;2;242;241;242;48;2;79;76;77m▂[38;2;222;222;221;48;2;107;99;99m▁[0m
[38;2;53;45;46;48;2;60;55;54m╴[38;2;65;63;63;48;2;65;62;63m▏[38;2;65;62;63;48;2;58;56;57m╴[38;2;105;121;112;48;2;55;56;55m▂[38;2;118;139;127;48;2;59;66;62m▅[38;2;116;138;126;48;2;134;153;141m▌[38;2;159;176;161;48;2;175;190;174m▗[38;2;144;161;148;48;2;168;183;168m▘[38;2;178;192;175;48;2;170;185;173m▇[38;2;179;192;176;48;2;179;192;175m┊[38;2;177;191;174;48;2;154;170;155m▌[38;2;175;191;175;48;2;175;189;173m╴[38;2;178;191;174;48;2;179;192;175m▖[38;2;177;190;174;48;2;155;169;154m▉[38;2;130;147;135;48;2;172;186;170m▋[38;2;176;189;173;48;2;178;191;175m▋[48;2;179;192;175m [38;2;176;190;173;48;2;159;174;159m▋[38;2;148;164;151;48;2;177;191;174m▖[48;2;179;192;175m [38;2;175;190;174;48;2;144;161;149m▋[38;2;178;192;175;48;2;140;158;145m▝[38;2;42;41;37;48;2;144;157;144m▗[38;2;36;28;26;48;2;41;34;32m┊[38;2;19;12;10;48;2;37;29;26m│[38;2;32;28;26;48;2;46;43;42m▌[38;2;54;48;49;48;2;60;58;58m▅[38;2;50;43;43;48;2;55;46;47m▚[38;2;20;14;13;48;2;37;30;29m╽[38;2;40;30;29;48;2;38;30;30m╴[38;2;108;100;100;48;2;206;199;198m╸[38;2;242;241;240;48;2;186;172;173m▅[38;2;175;156;156;48;2;210;204;203m▗[38;2;146;134;135;48;2;208;197;197m╍[38;2;155;137;140;48;2;202;191;191m╍[38;2;140;123;125;48;2;199;188;188m╍[38;2;146;134;133;48;2;216;206;205m╾[38;2;194;176;178;48;2;238;237;237m▃[38;2;244;244;244;48;2;241;241;241m┈[38;2;242;242;242;48;2;161;161;161m▉[0m
[38;2;65;62;61;48;2;48;43;42m▝[38;2;137;152;142;48;2;66;69;66m▗[38;2;139;155;144;48;2;72;80;74m▆[38;2;176;190;174;48;2;127;147;135m▅[38;2;175;190;173;48;2;126;148;135m▖[38;2;112;134;122;48;2;163;181;167m▊[38;2;143;161;147;48;2;163;180;164m▄[38;2;176;191;174;48;2;178;192;175m▏[48;2;179;192;175m  [38;2;178;192;175;48;2;159;177;161m▊[38;2;176;190;174;48;2;150;167;154m▝[38;2;178;191;175;48;2;176;190;173m┊[38;2;176;189;174;48;2;151;167;152m▊[38;2;128;148;136;48;2;152;169;156m▉[38;2;177;192;175;48;2;175;190;174m┈[48;2;179;192;175m [38;2;178;191;175;48;2;176;191;175m▉[38;2;145;162;149;48;2;168;183;169m▝[48;2;174;188;172m▖[38;2;154;171;157;48;2;174;187;172m▁[38;2;130;148;137;48;2;121;141;129m▏[38;2;98;111;102;48;2;42;36;33m▎[38;2;39;29;30;48;2;40;30;27m▘[38;2;38;29;27;48;2;20;18;16m▌[38;2;33;30;29;48;2;54;48;47m▘[38;2;40;33;33;48;2;53;45;46m▗[38;2;113;99;101;48;2;41;33;34m▂[38;2;183;167;168;48;2;32;26;24m▃[38;2;56;50;48;48;2;213;208;207m▘[38;2;242;242;242;48;2;243;243;243m╺[48;2;242;242;242m [38;2;243;242;241;48;2;214;194;193m▇[38;2;235;231;231;48;2;195;174;172m▇[38;2;169;155;155;48;2;205;198;198m╵[38;2;152;143;144;48;2;208;197;197m╺[38;2;122;109;111;48;2;206;194;193m─[38;2;195;189;188;48;2;192;177;178m╷[38;2;192;180;180;48;2;145;143;140m▉[38;2;193;193;192;48;2;67;65;64m▘[0m
[38;2;46;44;41;48;2;131;142;132m▘[38;2;126;144;133;48;2;141;155;144m▗[38;2;140;159;145;48;2;175;189;173m▘[48;2;179;192;175m [38;2;178;192;176;48;2;178;191;174m┊[38;2;146;163;149;48;2;99;116;105m▋[38;2;125;144;133;48;2;159;176;162m▋[38;2;179;192;175;48;2;177;192;177m▆[48;2;179;192;175m   [38;2;169;185;170;48;2;128;147;135m▌[38;2;172;187;172;48;2;130;150;138m▝[38;2;179;192;175;48;2;178;192;175m┊[38;2;169;184;170;48;2;135;154;142m▍[38;2;164;180;165;48;2;125;145;134m▝[38;2;145;163;150;48;2;176;190;174m▖[38;2;178;191;175;48;2;177;190;174m▁[38;2;177;191;175;48;2;175;189;176m▂[38;2;141;159;147;48;2;171;185;173m▝[38;2;147;166;153;48;2;122;144;132m▎[38;2;120;142;130;48;2;121;142;131m╴[38;2;105;117;109;48;2;34;27;24m▏[38;2;40;31;29;48;2;27;21;20m▉[38;2;30;27;27;48;2;53;49;49m▊[38;2;56;48;49;48;2;54;47;48m┊[38;2;51;43;43;48;2;145;134;135m▘[38;2;51;43;41;48;2;189;166;169m▂[38;2;48;41;38;48;2;223;215;215m▂[38;2;65;56;54;48;2;237;233;233m▂[38;2;148;132;133;48;2;231;222;223m▁[38;2;197;170;174;48;2;242;239;239m▃[38;2;207;186;187;48;2;244;244;244m▄[38;2;208;186;188;48;2;244;244;243m▄[38;2;208;187;187;48;2;244;243;242m▄[38;2;212;193;194;48;2;244;244;243m▄[38;2;160;143;144;48;2;238;235;234m▁[38;2;76;72;71;48;2;231;231;231m▂[38;2;63;56;56;48;2;226;224;224m▄[38;2;172;153;153;48;2;62;54;53m▁[0m
[?25h