[?25l[0m [38;2;0;0;0m                                       [0m
 [38;2;0;0;0m                                       [0m
 [38;2;0;0;0m                   [0m [38;2;204;211;209m▂[38;2;219;227;226m▄[38;2;198;205;205m▆[7m[38;2;124;127;129m▁[0m [38;2;20;22;30m              [0m
 [38;2;0;0;0m                  [38;2;147;152;152m▆[38;2;133;137;139;48;2;215;222;222m▗[0m[7m[38;2;211;217;218m▄[38;2;192;197;198m▆[0m [38;2;13;15;24m                [0m
 [38;2;0;0;0m             [38;2;80;77;80m▁[38;2;191;193;193m▂[38;2;198;202;203m▄[38;2;205;211;211m▅[38;2;224;231;231m▄[38;2;79;80;83;48;2;199;205;204m▘[38;2;176;181;180;48;2;41;40;42m▊[0m[38;2;45;43;39m▂[0m [38;2;73;69;70m▁[0m [38;2;25;25;31m               [0m
 [38;2;0;0;0m        [0m [38;2;106;102;104m▁[38;2;169;171;172m▃[38;2;207;213;213m▄[38;2;209;215;215;48;2;53;52;56m▆[38;2;215;222;222;48;2;209;215;215m┈[48;2;215;222;222m  [38;2;197;204;204;48;2;218;226;225m╸[48;2;234;243;241m  [38;2;227;236;234;48;2;164;169;166m▇[38;2;210;217;217;48;2;61;60;57m▖[38;2;45;43;39;48;2;191;194;194m▊[38;2;233;243;244;48;2;232;240;240m╴[38;2;204;208;206;48;2;46;44;41m▎[0m[38;2;45;43;39m▇[38;2;121;123;121;48;2;49;44;43m▁[0m[38;2;190;173;173m▅[38;2;201;180;179m▅[38;2;128;110;111m▄          [0m
 [38;2;0;0;0m    [0m [38;2;135;131;134m▁[38;2;181;170;170m▃[38;2;185;133;134m▅[38;2;187;115;115m▇[38;2;194;58;58;48;2;210;209;209m▅[38;2;195;65;66;48;2;216;218;218m▅[38;2;216;221;222;48;2;205;202;203m┊[38;2;95;94;94;48;2;198;202;202m╷[48;2;215;222;222m  [38;2;215;222;222;48;2;215;221;223m▋[38;2;235;243;242;48;2;208;215;215m┊[38;2;188;181;183;48;2;234;243;241m▁[38;2;143;124;129m▁[38;2;146;127;132m▁[38;2;192;182;187;48;2;232;240;239m▁[38;2;230;236;234;48;2;123;125;123m▖[38;2;153;152;151;48;2;233;241;241m▁[38;2;132;135;133;48;2;59;58;54m▏[38;2;210;217;216;48;2;71;70;67m▄[38;2;231;239;238;48;2;166;169;168m▇[38;2;234;243;241;48;2;234;243;242m▇[38;2;234;243;242;48;2;235;242;242m▇[0m[38;2;175;177;178m▉          [0m
 [38;2;0;0;0m  [7m[38;2;66;65;70m▉[0m[38;2;195;194;194m▅[38;2;196;145;146;48;2;51;49;54m▇[38;2;195;58;58;48;2;209;184;184m▅[38;2;195;52;53;48;2;200;105;104m▇[38;2;216;158;157;48;2;198;67;68m▗[38;2;222;178;176;48;2;198;75;75m╸[38;2;195;53;53;48;2;211;137;138m▅[38;2;221;176;176;48;2;200;84;84m┓[38;2;195;72;74;48;2;206;201;201m▍[38;2;156;122;133;48;2;189;191;191m▁[38;2;168;114;134;48;2;214;220;221m▄[38;2;170;96;123;48;2;202;203;205m▅[38;2;167;96;122;48;2;213;215;217m▇[38;2;165;84;114;48;2;173;122;140m▆[38;2;162;82;112;48;2;201;127;152m▆[38;2;159;79;108;48;2;211;132;158m▆[38;2;162;81;111;48;2;218;139;165m▆[38;2;163;82;112;48;2;208;135;159m▆[38;2;161;81;111;48;2;172;104;128m▅[38;2;162;82;112;48;2;174;107;130m▅[38;2;197;150;167;48;2;168;93;120m▝[38;2;188;112;139;48;2;206;201;204m▅[38;2;153;107;123;48;2;217;198;206m┐[38;2;188;173;179;48;2;233;241;239m▁[38;2;234;243;241;48;2;235;243;243m▊[0m[38;2;191;195;196m▊          [0m
 [38;2;0;0;0m  [7m[38;2;52;47;49m▊[0m[38;2;201;196;196;48;2;190;66;68m▋[38;2;198;72;73;48;2;214;123;123m▊[38;2;225;176;176;48;2;198;84;84m╹[48;2;195;52;53m [38;2;222;176;176;48;2;196;69;69m┗[38;2;232;210;209;48;2;196;69;70m─[38;2;198;72;73;48;2;215;147;149m▚[38;2;209;125;126;48;2;177;51;56m▘[38;2;179;146;154;48;2;159;78;98m╵[38;2;162;83;112;48;2;142;81;103m▇[48;2;162;82;112m          [38;2;159;79;109m╲ [38;2;206;124;154;48;2;177;95;125m▂[38;2;164;95;119;48;2;199;130;154m╏[38;2;143;104;116;48;2;222;210;215m┒[0m[38;2;187;192;192m▊          [0m
 [38;2;0;0;0m  [0m [38;2;57;52;53;48;2;192;120;120m▎[38;2;198;70;71;48;2;211;134;136m▋[38;2;219;163;162;48;2;204;108;109m┭[38;2;193;52;54;48;2;195;52;53m▏[38;2;208;118;119;48;2;196;57;58m▗[38;2;224;179;181;48;2;197;73;74m─[38;2;224;177;179;48;2;171;81;89m▘[38;2;201;119;149;48;2;153;73;98m▃[38;2;163;82;112;48;2;162;82;112m╴    [38;2;163;81;111m╴[38;2;163;82;112m▂ [38;2;200;118;146;48;2;164;84;114m▁[48;2;162;82;112m [38;2;163;82;112;48;2;167;87;117m┈[38;2;163;81;111;48;2;163;82;112m╴[38;2;230;147;176;48;2;174;93;122m╺[38;2;200;119;148;48;2;160;81;111m▖[38;2;162;82;112;48;2;167;86;116m┈[38;2;165;85;115;48;2;215;133;162m▂[38;2;221;141;168;48;2;172;96;124m┗[0m[38;2;146;123;130m▊          [0m
 [38;2;0;0;0m   [7m[38;2;170;117;116m▍[0m[38;2;197;65;65;48;2;208;124;125m▋[38;2;221;169;169;48;2;199;84;84m┺[38;2;217;151;151;48;2;196;62;62m╸[38;2;194;54;55;48;2;217;126;127m▉[38;2;217;145;145;48;2;193;56;58m▎[38;2;133;53;71;48;2;156;70;92m▖[38;2;221;138;168;48;2;166;85;115m▘[38;2;163;82;112;48;2;162;82;112m▎[38;2;127;56;81;48;2;159;80;109m╷[38;2;217;134;165;48;2;172;91;121m┛[48;2;162;82;112m [38;2;162;83;112m┊[38;2;221;139;169;48;2;158;81;109m▝[48;2;163;82;112m [38;2;157;78;107;48;2;160;80;110m╵[38;2;227;144;173;48;2;169;94;120m╹[38;2;163;81;111;48;2;163;82;112m╴[38;2;157;78;107;48;2;163;83;113m┊[38;2;162;82;112;48;2;164;83;113m┈[48;2;162;82;112m [48;2;163;82;112m [38;2;168;90;119;48;2;162;84;113m╌[38;2;163;82;112;48;2;162;82;112m▏[48;2;162;82;111m┈[0m[38;2;144;80;102m▊          [0m
 [38;2;0;0;0m   [7m[38;2;129;108;108m▌[0m[38;2;191;58;59;48;2;223;154;155m▊[38;2;211;141;140;48;2;198;73;74m┅[38;2;225;174;176;48;2;197;78;77m┖[38;2;193;54;54;48;2;230;183;183m▊[38;2;223;188;189;48;2;196;76;77m▎[38;2;159;83;111;48;2;136;65;85m┊[38;2;162;83;113;48;2;162;82;112m╴ [38;2;137;75;94;48;2;156;84;109m┊[38;2;138;67;92;48;2;159;80;109m╴[48;2;162;82;112m [38;2;163;83;113;48;2;159;80;109m╴[38;2;188;141;149;48;2;157;89;112m╺[38;2;186;135;146;48;2;155;82;108m▁[38;2;162;102;121;48;2;157;84;109m╷[38;2;179;144;151;48;2;161;92;115m▁[38;2;215;181;179;48;2;165;96;119m▖[38;2;186;158;164;48;2;154;77;105m▁[38;2;162;83;112;48;2;162;82;112m╹ [38;2;163;81;111m┯[38;2;207;150;169;48;2;166;92;119m┕[38;2;234;214;208;48;2;158;89;114m▄[38;2;196;159;166;48;2;161;83;112m▖[38;2;175;94;124;48;2;165;85;114m┊[0m[38;2;163;89;116m▖[0m [38;2;13;15;24m        [0m
 [38;2;0;0;0m   [7m[38;2;71;65;67m▊[0m[38;2;195;156;155;48;2;193;59;59m▎[38;2;200;88;89;48;2;211;136;136m▅[38;2;213;150;150;48;2;201;96;95m┛[38;2;195;52;51;48;2;196;58;59m╴[38;2;195;52;53;48;2;213;145;145m▇[38;2;113;41;53;48;2;181;50;52m▝[38;2;199;153;155;48;2;148;69;88m▖[38;2;186;140;150;48;2;146;73;99m▗[38;2;252;239;232;48;2;160;97;118m▃[38;2;253;238;231;48;2;177;124;137m▄[38;2;252;237;230;48;2;159;91;115m▅[38;2;251;237;230;48;2;158;90;114m▆[38;2;248;232;226;48;2;154;79;108m▇[38;2;198;175;174;48;2;230;213;208m╲[38;2;138;106;114;48;2;242;227;222m▃[38;2;160;130;136;48;2;246;233;227m▃[38;2;199;179;179;48;2;228;210;207m╷[38;2;249;234;229;48;2;127;74;89m▊[38;2;161;83;112;48;2;162;82;112m╴ [38;2;163;82;112m▄[38;2;157;79;108;48;2;208;154;170m▋[38;2;247;234;228;48;2;251;237;230m╷[38;2;250;235;228;48;2;151;104;119m▊[38;2;161;83;111;48;2;163;82;112m▎[38;2;161;82;111;48;2;136;70;94m╴[0m[38;2;48;23;36m▎        [0m
 [38;2;0;0;0m   [0m [38;2;76;70;69;48;2;201;143;143m▎[38;2;218;203;202;48;2;203;102;103m▁[38;2;198;81;82;48;2;209;131;131m▋[38;2;213;136;136;48;2;195;66;67m▎[38;2;195;52;52;48;2;195;52;53m▃[38;2;195;52;53;48;2;195;52;52m┈[38;2;175;105;112;48;2;174;48;53m▁[38;2;154;74;103;48;2;144;72;97m┊[38;2;133;77;94;48;2;218;197;194m▖[38;2;176;150;153;48;2;216;186;184m╵[38;2;252;224;217;48;2;243;211;206m┊[38;2;253;213;207;48;2;253;234;227m▇[38;2;253;214;208;48;2;252;234;226m▇[48;2;252;236;229m▇[38;2;251;211;206;48;2;249;235;228m▇[38;2;250;208;204;48;2;253;237;230m▇[38;2;251;211;206;48;2;254;240;233m▇[38;2;242;216;211;48;2;151;90;111m▋[38;2;149;76;102;48;2;157;80;109m╴[48;2;162;82;112m  [38;2;163;89;116;48;2;213;182;188m▌[38;2;67;62;66;48;2;241;228;222m▁[38;2;227;210;207;48;2;131;94;107m▘[38;2;124;65;87;48;2;159;79;108m▁[38;2;163;85;114;48;2;149;82;106m▇[0m[38;2;150;81;106m▄[38;2;139;79;101m▂[38;2;136;83;103m▂[38;2;53;32;43m▃[38;2;118;77;94m▁[38;2;180;104;130m▃[38;2;149;78;104m▄[0m [38;2;13;15;24m [0m
 [38;2;0;0;0m    [38;2;52;49;52;48;2;208;213;212m▌[48;2;215;222;222m [38;2;215;222;222;48;2;213;217;217m┈[38;2;125;74;71;48;2;205;205;204m▁[38;2;140;128;119;48;2;206;203;202m▁[38;2;215;222;222;48;2;208;166;166m▇[38;2;216;220;220;48;2;144;126;134m▊[38;2;177;163;170;48;2;145;79;103m▖[38;2;139;67;92;48;2;230;198;198m▌[38;2;253;238;231;48;2;250;211;206m▅[38;2;203;172;169;48;2;247;228;222m▁[38;2;136;54;55;48;2;246;231;224m▃[38;2;173;84;85;48;2;251;237;230m▄[38;2;203;104;104;48;2;244;228;223m▅[38;2;206;109;109;48;2;245;233;228m▇[38;2;213;108;108;48;2;202;180;178m▇[38;2;212;134;134;48;2;229;213;211m▊[38;2;198;177;178;48;2;163;123;135m▎[38;2;162;81;111;48;2;139;76;99m▝[38;2;70;46;56;48;2;151;78;105m▁[38;2;77;51;62;48;2;150;76;103m▂[38;2;160;159;159;48;2;62;50;54m▗[38;2;105;98;101;48;2;44;44;46m▏[38;2;41;43;45;48;2;40;41;43m▆[48;2;44;44;46m┈[38;2;50;45;49;48;2;141;75;99m▅[38;2;156;80;108;48;2;126;65;88m┈[0m[7m[38;2;145;73;100m▂[38;2;148;73;101m▂[0m[38;2;55;35;46;48;2;82;44;61m┌[38;2;76;44;59;48;2;151;88;111m▆[0m[7m[38;2;140;70;96m▂[38;2;132;67;92m▃[0m [38;2;13;15;24m [0m
 [38;2;0;0;0m    [7m[38;2;146;145;146m▌[0m[38;2;208;213;213;48;2;155;116;114m▍[38;2;166;70;70;48;2;163;127;126m▇[38;2;162;127;129;48;2;170;68;68m▁[38;2;181;67;72;48;2;162;73;75m╴[38;2;190;188;188;48;2;143;89;90m▝[38;2;215;222;222;48;2;210;215;216m┊[38;2;208;211;213;48;2;170;148;158m▇[38;2;213;218;219;48;2;125;72;91m▆[38;2;189;177;179;48;2;205;204;205m╵[38;2;153;117;122;48;2;209;209;209m▝[38;2;215;222;222;48;2;156;83;86m▄[38;2;216;221;222;48;2;187;101;103m▄[38;2;207;213;214;48;2;190;110;113m▄[38;2;224;229;230;48;2;177;95;98m▅[38;2;215;216;218;48;2;164;89;95m▆[38;2;73;73;76;48;2;158;143;149m▗[38;2;217;221;222;48;2;79;76;79m▄[38;2;194;195;197;48;2;60;61;63m▄[38;2;42;43;45;48;2;41;43;45m▏[38;2;41;43;45;48;2;42;43;45m▇[38;2;90;89;90;48;2;47;48;50m╵[38;2;41;43;45;48;2;42;44;46m┈[48;2;41;43;45m   [38;2;43;43;45;48;2;51;38;44m▇[0m[38;2;50;40;45m▖[7m[38;2;49;27;38m▋[38;2;55;35;46m▂[38;2;54;34;46m▃[0m[38;2;57;35;46m▘   [0m
 [38;2;0;0;0m    [7m[38;2;72;68;68m▋[0m[38;2;170;69;70;48;2;185;175;174m▝[38;2;179;68;71;48;2;160;87;94m╴[38;2;171;69;71;48;2;135;92;94m▇[38;2;139;61;60;48;2;167;66;68m╸[38;2;140;82;83;48;2;157;67;67m╶[38;2;153;83;84;48;2;202;206;207m▂[38;2;215;222;222;48;2;211;217;217m┈[48;2;215;222;222m  [38;2;215;221;222;48;2;167;158;161m▉[38;2;165;147;151;48;2;224;212;209m▏[38;2;214;203;199;48;2;202;194;194m┈[38;2;171;172;174;48;2;211;212;214m▎[38;2;226;231;232;48;2;212;213;215m┈[38;2;85;87;88;48;2;180;170;176m▗[38;2;72;74;76;48;2;201;205;206m▘[48;2;239;243;244m [38;2;219;223;224;48;2;238;243;244m▁[38;2;180;181;183;48;2;45;46;48m▎[48;2;41;43;45m     [38;2;40;42;44m▁[38;2;38;40;42m▁[38;2;54;38;46m▝[0m[38;2;55;31;41m▖      [0m
 [38;2;0;0;0m    [7m[38;2;39;35;38m▉[0m[38;2;96;92;91;48;2;213;218;219m▎[38;2;205;210;210;48;2;148;77;78m▏[38;2;176;71;66;48;2;160;67;69m╴[38;2;83;41;41;48;2;161;66;67m╶[38;2;92;47;47;48;2;151;64;65m┐[38;2;123;57;55;48;2;164;66;67m─[38;2;151;75;75;48;2;187;170;171m▋[38;2;215;222;222;48;2;211;217;218m┊[48;2;215;222;222m [48;2;216;221;222m▋[38;2;198;194;194;48;2;149;129;127m▉[38;2;85;80;83;48;2;148;146;147m┵[38;2;158;160;161;48;2;227;232;233m▁[38;2;220;220;222;48;2;156;152;155m▉[38;2;235;240;241;48;2;122;125;126m▗[38;2;239;243;244;48;2;209;214;215m▆[48;2;239;243;244m [38;2;237;241;242m┊[38;2;223;226;228;48;2;44;45;47m▌[38;2;41;43;45;48;2;35;37;38m▆▆[48;2;41;43;45m   [48;2;39;41;43m▇[48;2;38;40;42m▇[48;2;41;43;45m [0m[38;2;53;38;44m▋      [0m
 [38;2;0;0;0m     [38;2;41;38;42;48;2;197;201;201m▍[38;2;183;186;185;48;2;156;80;81m▎[38;2;176;68;69;48;2;150;62;63m▆[38;2;156;64;65;48;2;128;57;58m▇[38;2;128;56;54;48;2;170;67;68m╻[38;2;149;63;64;48;2;167;66;67m╺[38;2;136;59;59;48;2;176;69;70m▖[38;2;195;196;198;48;2;156;79;80m▝[38;2;215;222;222;48;2;214;220;221m╴[38;2;109;73;80;48;2;204;194;195m╻[38;2;236;219;216;48;2;133;139;108m▍[38;2;127;142;105;48;2;204;205;201m▖[38;2;233;237;238;48;2;105;107;109m▄[38;2;92;87;91;48;2;198;201;203m┛[38;2;239;243;245;48;2;233;237;238m┈[48;2;239;243;244m  [38;2;240;243;244;48;2;235;240;240m┈[38;2;209;210;212;48;2;66;64;67m▘[38;2;41;44;45;48;2;41;43;45m╸       [0m[38;2;52;39;44m▋      [0m
 [38;2;0;0;0m     [7m[38;2;159;160;162m▋[0m[38;2;90;87;87;48;2;205;205;205m▁[38;2;203;205;206;48;2;170;79;80m▄[38;2;206;211;211;48;2;167;67;68m▃[38;2;212;218;218;48;2;160;69;69m▃[38;2;192;187;187;48;2;162;74;74m▃[38;2;128;55;57;48;2;163;68;69m┕[38;2;179;69;70;48;2;171;68;68m┊[38;2;124;81;81;48;2;211;217;217m▎[38;2;137;114;122;48;2;195;190;192m┕[38;2;229;205;201;48;2;122;128;98m▌[38;2;118;137;96;48;2;119;136;97m┈[38;2;137;146;121;48;2;217;218;217m▄[38;2;209;210;212;48;2;236;240;241m▁[48;2;239;243;244m [38;2;239;243;244;48;2;238;242;243m┈[48;2;218;222;223m╴[38;2;211;215;216;48;2;93;90;92m▘[38;2;32;33;36;48;2;38;38;41m╴[48;2;41;43;45m       [38;2;41;43;45;48;2;45;41;44m╴[0m[38;2;52;30;40m▘      [0m
 [38;2;0;0;0m      [0m [7m[38;2;78;74;74m▇[38;2;128;127;127m▆[38;2;201;206;205m▆[38;2;196;200;199m▅[38;2;148;108;108m▄[38;2;133;84;85m▃[38;2;168;152;152m▂[38;2;211;216;217m▂[0m[38;2;241;215;212;48;2;140;121;117m╿[38;2;120;134;98;48;2;118;136;95m▏[38;2;120;136;96m╵[38;2;167;168;162;48;2;121;136;100m▝[38;2;117;124;98;48;2;202;206;207m▄[38;2;60;54;55;48;2;185;189;190m▄[38;2;131;130;132;48;2;43;39;41m▘[38;2;34;32;34;48;2;32;32;33m▁[38;2;32;31;35;48;2;31;32;35m▇[38;2;32;33;35;48;2;39;40;42m▃[38;2;38;39;41;48;2;41;43;45m▁ [38;2;40;44;45m▁ [38;2;43;39;42m▄[0m[7m[38;2;45;39;43m▂[0m[38;2;49;31;40m▘       [0m
 [38;2;0;0;0m            [0m [38;2;152;117;114m━[38;2;136;102;100m▇[7m[38;2;161;134;132m▁[0m[38;2;110;92;88m▌[7m[38;2;94;82;71m▆[38;2;104;106;82m▅[38;2;117;127;93m▄[38;2;119;125;99m▃[38;2;109;107;90m▂[38;2;100;99;87m▃[0m[38;2;100;99;85;48;2;49;41;48m┻[38;2;129;125;112;48;2;40;32;39m━[38;2;124;119;106;48;2;33;27;33m━[0m[38;2;88;74;68m┷[7m[38;2;52;40;46m▅[38;2;48;36;42m▆[0m [38;2;13;15;24m         [0m
 [38;2;0;0;0m                                       [0m
 [38;2;0;0;0m                                       [0m
[?25h