[?25l[0m [38;2;0;0;0m                    [38;2;83;91;111m▁[38;2;134;152;185m▂[0m [38;2;13;15;24m                [0m
 [38;2;0;0;0m                  [38;2;84;96;124m▃[38;2;82;99;139m▆[38;2;58;77;128;48;2;75;93;141m╴[38;2;65;85;137;48;2;95;117;166m▅[0m[7m[38;2;84;103;143m▝[0m [38;2;13;15;24m               [0m
 [38;2;0;0;0m                [38;2;88;99;125m▗[7m[38;2;96;116;158m▘[0m[38;2;66;84;131;48;2;96;118;166m▗[38;2;54;73;126;48;2;55;73;125m┊[48;2;54;73;125m [38;2;54;73;125;48;2;54;73;128m▉[38;2;65;85;137;48;2;94;116;167m▌[0m[7m[38;2;78;95;131m▝[0m[38;2;15;17;27m               [0m
 [38;2;0;0;0m              [0m [38;2;91;107;141m▄[38;2;94;119;170;48;2;100;122;169m╴[38;2;95;118;170;48;2;95;118;168m┈[38;2;91;112;159;48;2;61;79;127m▘[38;2;80;99;146;48;2;54;73;125m▃[38;2;54;73;127m┛ [38;2;55;74;126;48;2;78;100;151m▊[38;2;94;119;170;48;2;95;118;167m┊[0m[38;2;75;89;120m▖              [0m
 [38;2;0;0;0m          [0m [38;2;120;137;167m▂[38;2;104;122;161m▅[38;2;101;121;164m▇[38;2;92;114;164;48;2;114;130;163m▇[38;2;95;118;167;48;2;95;118;171m▇[48;2;95;118;167m [38;2;92;114;162;48;2;94;117;165m╵[38;2;95;118;167;48;2;99;119;166m▇[38;2;95;117;167;48;2;78;97;145m▇[38;2;95;118;168;48;2;62;80;126m▆[38;2;91;113;163;48;2;56;75;126m▅[38;2;88;111;161;48;2;60;79;131m▅[38;2;96;118;168;48;2;89;111;161m┈[38;2;91;113;159;48;2;98;120;167m┈[0m[38;2;108;128;171m▆[38;2;117;134;169m▄[0m [38;2;82;91;110m           [0m
 [38;2;0;0;0m        [0m [38;2;113;131;168m▄[38;2;104;124;169m▇[38;2;94;117;167;48;2;97;120;169m┊[48;2;95;118;167m        [38;2;96;119;168m┈[38;2;130;155;196;48;2;101;124;172m╶[38;2;104;127;174;48;2;106;128;176m┊[38;2;122;146;189;48;2;97;119;168m╸[38;2;96;119;168;48;2;95;118;168m▁[38;2;96;119;167;48;2;95;118;167m┈[38;2;95;118;169;48;2;93;116;164m┈[38;2;80;99;143;48;2;103;123;166m╴[0m[38;2;94;112;152m▄[0m [38;2;13;15;24m         [0m
 [38;2;0;0;0m   [0m [38;2;134;149;177m▂[38;2;144;163;197m▃[38;2;128;149;190m▄[38;2;128;145;178m▆[38;2;110;130;175;48;2;103;115;139m▇[38;2;96;119;167;48;2;95;118;167m╴        [38;2;104;127;175;48;2;98;121;170m┊[38;2;120;143;189;48;2;99;121;170m┒[38;2;86;109;158;48;2;94;117;166m╶[38;2;82;103;150;48;2;93;116;165m▁[38;2;98;122;170;48;2;95;118;168m┊[38;2;95;118;167;48;2;91;113;160m▇[38;2;91;114;160;48;2;95;117;165m┕[38;2;90;110;156;48;2;94;116;165m╴[38;2;95;118;167;48;2;94;118;170m▇[38;2;94;119;169;48;2;95;118;168m└[38;2;95;118;167;48;2;91;113;161m┈[0m[7m[38;2;90;109;154m▝[0m[38;2;58;72;108m▃[0m [38;2;13;15;24m       [0m
 [38;2;79;93;125m▅[38;2;108;129;174m▆[38;2;111;133;178m▇[38;2;99;121;170;48;2;155;174;210m▆[38;2;98;121;169;48;2;151;172;211m▇[38;2;95;118;167;48;2;96;119;168m╴[38;2;134;155;201;48;2;100;122;169m╺[38;2;123;144;187;48;2;95;118;168m▘[38;2;95;118;169;48;2;95;118;167m╴   [38;2;95;118;167;48;2;94;117;166m┊[38;2;71;93;142;48;2;90;111;159m╴[38;2;117;139;184;48;2;97;120;169m▗[38;2;95;118;167;48;2;101;124;172m┊[38;2;79;100;148;48;2;94;117;166m╲[38;2;96;119;168m┈[38;2;94;118;167;48;2;95;118;166m┊[38;2;85;103;144;48;2;94;116;164m▁[38;2;97;120;168;48;2;93;116;164m┈[38;2;83;104;148;48;2;91;112;161m╴[38;2;67;85;134;48;2;85;106;156m╾[38;2;72;92;141;48;2;94;117;166m▖[38;2;96;119;168;48;2;95;118;167m▏[38;2;95;118;168m┊[38;2;70;92;144;48;2;91;114;163m╺[38;2;74;94;146;48;2;95;117;167m▃[38;2;95;118;168;48;2;95;118;167m┊ [38;2;95;118;167;48;2;124;145;186m▆[38;2;97;117;160;48;2;37;45;67m▇[0m[38;2;111;132;178m▅[38;2;114;132;167m▅[38;2;96;107;129m▖    [0m
  [7m[38;2;75;90;125m▅[38;2;84;104;148m▂[0m[38;2;70;92;141;48;2;85;108;157m╴[38;2;58;79;125;48;2;94;116;166m▁[38;2;95;118;167;48;2;95;117;165m┈[38;2;105;125;172;48;2;96;119;167m╴[38;2;95;118;167;48;2;82;103;149m▊[38;2;96;118;169;48;2;95;118;167m▎[38;2;96;119;168m╶[38;2;81;102;150;48;2;95;117;166m▏[38;2;96;118;168;48;2;99;122;171m┊[38;2;95;118;169;48;2;95;118;167m▝[38;2;135;127;144;48;2;91;111;158m▝[38;2;192;167;169;48;2;116;128;165m▄[38;2;97;121;170;48;2;97;119;166m┊[38;2;95;119;169;48;2;95;117;167m╴[38;2;136;133;150;48;2;91;107;149m╶[38;2;178;160;166;48;2;95;113;158m▂[38;2;96;119;168;48;2;95;116;165m┈[38;2;95;119;171;48;2;98;117;163m╴[38;2;177;161;170;48;2;114;125;163m╾[38;2;217;182;177;48;2;103;119;162m▂[38;2;173;153;160;48;2;80;99;147m▁[38;2;55;74;123;48;2;87;107;154m╸[38;2;95;118;169;48;2;95;118;166m╴[48;2;95;118;167m [38;2;114;129;162;48;2;89;109;156m╶[38;2;205;192;191;48;2;104;122;164m▅[38;2;174;174;188;48;2;94;115;163m▖[38;2;75;98;148;48;2;91;113;163m▗[38;2;95;118;167;48;2;93;115;164m┈[38;2;68;89;139;48;2;87;110;158m┗[0m[7m[38;2;88;110;158m▃[0m[38;2;65;79;106;48;2;100;120;165m▁[0m[38;2;83;98;136m▖   [0m
 [38;2;0;0;0m   [7m[38;2;60;70;95m▇[38;2;68;85;127m▅[38;2;76;94;136m▃[0m[38;2;137;156;192;48;2;95;116;164m▍[38;2;95;118;167;48;2;93;115;164m┊[38;2;131;154;199;48;2;101;124;171m╻[38;2;94;118;170;48;2;95;118;168m╴[38;2;67;89;137;48;2;91;114;162m▚[38;2;114;136;183;48;2;97;119;169m╹[38;2;85;106;149;48;2;94;116;165m▁[38;2;95;117;170;48;2;95;118;167m┈[38;2;116;122;155;48;2;213;185;179m▌[38;2;133;135;163;48;2;234;216;208m▝[38;2;185;176;184;48;2;119;128;161m▖[38;2;194;184;189;48;2;103;121;166m▄[38;2;211;181;178;48;2;126;132;163m▝[38;2;222;203;199;48;2;139;135;160m▇[38;2;235;218;211;48;2;112;126;163m▅[38;2;195;185;178;48;2;106;115;144m▖[38;2;84;87;94;48;2;177;169;177m▆[38;2;70;68;62;48;2;228;206;199m▆[38;2;212;208;192;48;2;101;98;89m┏[38;2;246;243;247;48;2;107;111;126m▖[38;2;100;119;169;48;2;93;114;161m╴[38;2;94;119;170;48;2;95;118;168m╷[38;2;200;178;176;48;2;106;120;161m▝[38;2;223;209;207;48;2;75;91;131m▊[38;2;79;101;151;48;2;91;114;164m╱[38;2;56;76;128;48;2;78;99;148m▚[38;2;58;70;102;48;2;90;111;158m▁[0m[7m[38;2;94;116;162m▝[0m [38;2;86;100;129m╹   [0m
 [38;2;0;0;0m      [7m[38;2;129;147;186m▎[0m[38;2;91;112;159;48;2;93;115;164m╴[38;2;88;112;159;48;2;97;120;167m┈[38;2;96;117;169;48;2;95;118;168m╴[38;2;82;102;144;48;2;90;112;161m╶[38;2;64;82;127;48;2;89;110;157m▚[38;2;95;119;168;48;2;94;116;165m┊[38;2;89;108;156m╶[38;2;97;117;163;48;2;133;135;159m▉[38;2;162;149;160;48;2;237;215;206m▖[38;2;248;234;227;48;2;244;231;224m┊[38;2;159;161;172;48;2;224;216;215m┗[38;2;225;216;213;48;2;237;226;220m┈[38;2;238;225;219;48;2;171;165;177m▇[38;2;100;96;92;48;2;231;221;214m▝[38;2;244;237;237;48;2;130;126;120m▆[38;2;231;226;218;48;2;131;122;78m▄[38;2;226;217;166;48;2;63;60;31m▅[38;2;167;160;95;48;2;232;222;180m▝[38;2;228;219;214;48;2;245;234;228m╷[38;2;194;183;187;48;2;98;114;155m▎[38;2;86;109;155;48;2;96;118;169m▏[38;2;96;120;168;48;2;95;118;167m┈[38;2;77;94;138;48;2;155;157;173m▇[38;2;83;104;155;48;2;54;73;125m▝[38;2;55;77;124;48;2;89;111;159m▝[0m[38;2;53;69;112m▌[7m[38;2;76;91;124m▖[0m [38;2;31;35;47m    [0m
 [38;2;0;0;0m      [38;2;124;138;163m▝[38;2;130;148;190;48;2;93;113;157m╴[38;2;97;118;168;48;2;94;116;165m╴[38;2;79;98;144;48;2;95;117;165m╲[38;2;96;119;168;48;2;94;117;166m┊[48;2;94;117;167m┊[38;2;59;76;125;48;2;87;106;152m╲[38;2;91;113;160;48;2;102;119;161m┊[38;2;64;77;104;48;2;93;114;162m▂[38;2;177;157;160;48;2;78;93;126m▝[38;2;107;106;98;48;2;234;221;213m▄[38;2;217;206;185;48;2;244;232;224m▁[38;2;247;235;227;48;2;247;234;226m┊  [38;2;247;235;225m╵[38;2;247;234;226;48;2;248;234;226m▆[48;2;248;235;227m▇[48;2;247;234;226m [38;2;246;235;226m┍[38;2;237;219;213;48;2;106;114;145m▌[38;2;145;135;150;48;2;91;113;159m▖[38;2;74;93;141;48;2;95;118;167m▗[38;2;81;102;149;48;2;53;72;123m▘[38;2;54;73;125;48;2;56;73;123m▉[0m[7m[38;2;67;80;113m▅[0m[38;2;75;94;139m▘[0m [38;2;35;38;47m     [0m
 [38;2;0;0;0m       [38;2;114;132;167m▝[38;2;79;99;151;48;2;76;94;137m╴[38;2;68;81;109;48;2;93;115;162m▁[38;2;77;97;145;48;2;93;115;163m┕[38;2;73;94;140;48;2;91;114;163m▂[38;2;96;119;167;48;2;95;118;168m╴[38;2;87;105;151;48;2;69;76;95m▍[38;2;184;181;188;48;2;83;96;122m▅[38;2;239;234;236;48;2;102;119;154m▄[38;2;226;217;186;48;2;77;80;69m▅[38;2;240;229;217;48;2;213;204;155m▅[38;2;247;234;228;48;2;247;234;226m▏[38;2;247;234;226;48;2;245;232;224m┈[48;2;247;234;226m     [38;2;248;233;226m╹[38;2;146;129;127;48;2;219;201;198m╽[38;2;103;109;141;48;2;209;175;169m▝[38;2;218;181;171;48;2;98;102;135m▄[38;2;159;143;143;48;2;55;73;122m▃[38;2;131;129;131;48;2;53;71;118m▃[0m[38;2;114;115;126m▄[38;2;186;182;179m▂[38;2;153;151;149m▁     [0m
 [38;2;0;0;0m        [38;2;70;81;116m▝[38;2;61;74;114m╸[7m[38;2;85;104;145m▄[0m[38;2;95;119;167;48;2;83;103;149m╴[38;2;91;111;159;48;2;74;93;143m▄[38;2;54;75;124;48;2;87;107;153m╴[38;2;107;121;157;48;2;234;222;218m▅[38;2;225;214;208;48;2;237;225;217m╴[38;2;243;233;225;48;2;247;234;226m▁[38;2;248;235;226m▁   [38;2;238;225;218;48;2;246;233;225m╷[48;2;247;234;226m  [38;2;247;234;226;48;2;246;234;226m┈[38;2;162;134;127;48;2;230;213;204m▁[38;2;227;188;179;48;2;223;185;176m┊[48;2;226;186;177m  [38;2;248;234;226;48;2;231;200;191m▗[38;2;209;202;196;48;2;150;143;140m▇[38;2;191;187;183;48;2;177;173;170m▇[48;2;191;187;183m [38;2;190;187;183m┊[0m[38;2;186;182;178m▇[38;2;176;171;169m▅[38;2;172;168;166m▅[38;2;175;172;169m▃[38;2;192;188;185m▁[0m
 [38;2;0;0;0m         [0m  [7m[38;2;46;57;88m▆[38;2;85;101;142m▖[0m[38;2;77;83;104;48;2;91;113;161m▃[38;2;75;79;97;48;2;86;103;142m━[38;2;126;123;137;48;2;220;203;198m▍[38;2;179;172;167;48;2;212;205;200m╱[38;2;191;187;184;48;2;192;183;177m▇[38;2;191;186;183;48;2;246;236;228m▇[38;2;187;183;179;48;2;247;236;228m▆[48;2;247;235;227m▆[38;2;193;189;185;48;2;247;234;226m▆[38;2;192;188;184m▅[38;2;162;159;156;48;2;235;224;216m▃[38;2;96;89;83;48;2;199;177;169m▝[38;2;123;103;97;48;2;219;181;172m▘[38;2;227;185;179;48;2;226;186;177m╸[38;2;226;186;177;48;2;225;187;176m▊[38;2;244;226;218;48;2;227;190;180m▗[38;2;195;189;185;48;2;243;230;223m▗[38;2;191;188;185;48;2;191;186;183m┛[48;2;191;187;183m   [38;2;191;187;183;48;2;184;179;176m╴[38;2;148;144;141;48;2;175;171;167m╸[38;2;191;187;183;48;2;191;186;183m┈[38;2;160;155;152;48;2;183;179;175m╼[38;2;192;187;184;48;2;190;186;182m╴[0m
 [38;2;0;0;0m            [7m[38;2;58;64;83m▉[0m[38;2;97;120;164;48;2;90;109;152m╴[38;2;81;91;120;48;2;94;117;164m▄[38;2;58;67;92;48;2;97;107;133m▗[0m[7m[38;2;180;176;173m▃[38;2;186;182;179m▂[0m[38;2;165;162;159;48;2;188;185;181m▁[38;2;150;146;142;48;2;190;186;182m▂[38;2;155;151;148m▃[38;2;191;187;183;48;2;186;182;178m┊[38;2;185;180;177;48;2;166;161;158m▉[38;2;145;141;137;48;2;179;175;171m╴[38;2;191;186;183;48;2;175;153;147m▆[38;2;172;152;146;48;2;217;182;172m▏[38;2;199;163;154;48;2;223;185;176m╲[38;2;229;190;181;48;2;219;187;178m━[38;2;197;192;188;48;2;238;221;214m▄[38;2;192;187;184;48;2;192;188;184m╴[48;2;191;187;183m   [38;2;187;183;179;48;2;167;163;159m▉[38;2;145;141;137;48;2;179;175;171m╸[48;2;191;187;183m [38;2;191;187;183;48;2;190;185;182m┈[48;2;191;187;183m  [0m
 [38;2;0;0;0m             [7m[38;2;77;90;122m▍[0m[38;2;95;118;167;48;2;88;104;142m▇[0m[38;2;72;89;128m▊[38;2;160;158;156m▗[7m[38;2;177;173;170m▘[0m[38;2;183;179;175;48;2;189;185;181m┊[38;2;189;185;182;48;2;150;146;142m▇[48;2;191;187;183m [38;2;191;187;183;48;2;190;186;182m┈[38;2;156;152;149;48;2;184;180;176m╹[48;2;191;187;183m [38;2;191;187;183;48;2;192;188;184m▉[38;2;153;149;145;48;2;141;136;132m▇[38;2;144;139;136;48;2;166;161;159m▉[38;2;192;188;185;48;2;188;185;181m╴[48;2;191;187;183m    [38;2;156;151;148;48;2;189;185;181m▃[38;2;141;137;133;48;2;162;158;154m┛[38;2;174;170;166;48;2;188;183;180m╴[38;2;191;187;183;48;2;188;184;180m┈[48;2;191;187;183m [38;2;177;172;169m▁ [0m
 [38;2;0;0;0m             [38;2;53;64;92m▝[7m[38;2;77;94;131m▄[0m [7m[38;2;161;158;157m▍[0m[38;2;155;151;148;48;2;184;179;176m▄[38;2;192;187;184;48;2;182;178;174m┊[38;2;191;187;183;48;2;191;186;183m┈[48;2;191;187;183m     [38;2;163;159;156;48;2;189;185;181m▁[38;2;149;145;141;48;2;179;174;171m▌[48;2;191;187;183m [38;2;183;179;175m▁[38;2;192;188;184;48;2;189;185;181m┊[38;2;148;144;140;48;2;188;184;180m╶[38;2;148;143;140;48;2;182;178;174m▝[38;2;188;184;180;48;2;152;147;144m▆[48;2;191;187;183m  [38;2;154;150;146;48;2;188;183;180m▅[38;2;188;184;180;48;2;161;157;154m▃[38;2;185;181;177;48;2;167;163;159m▇[38;2;183;179;175;48;2;188;183;180m╵[0m
[?25h