[?25l[0m [38;2;0;0;0m                                       [0m
 [38;2;0;0;0m                                       [0m
 [38;2;0;0;0m     [38;2;11;12;16m▁[38;2;44;42;56m▁[38;2;37;36;45m▄[38;2;38;37;46m▅[38;2;43;42;52m▅[38;2;42;41;48m▄[38;2;46;45;52m▃[38;2;38;37;42m▂[38;2;23;22;27m▁[0m [38;2;13;15;24m                        [0m
 [38;2;0;0;0m   [0m [38;2;54;53;68m▗[38;2;57;55;69;48;2;21;21;26m▆[38;2;50;49;57;48;2;63;60;77m▇[38;2;74;70;93;48;2;50;49;56m▗[38;2;58;56;68;48;2;49;48;55m▏ [38;2;73;69;90;48;2;51;49;57m╶[48;2;49;48;55m [38;2;49;48;55;48;2;46;46;52m╴[38;2;36;36;41;48;2;52;50;60m▏[0m[38;2;47;46;54m▇[38;2;33;33;37;48;2;25;26;32m┈[0m [38;2;13;15;24m                      [0m
 [38;2;0;0;0m   [7m[38;2;39;38;49m▊[0m[38;2;44;42;56;48;2;54;53;64m▏[38;2;48;48;56;48;2;49;48;55m▏[38;2;32;31;36;48;2;48;47;54m▁[38;2;49;48;55;48;2;49;48;54m┈▆[48;2;49;48;55m [48;2;47;47;53m┊[38;2;14;14;16;48;2;47;46;53m▖[38;2;49;48;55;48;2;47;47;53m┈[38;2;3;3;4;48;2;35;35;40m╻[38;2;49;48;55;48;2;48;47;54m┈[48;2;48;47;53m┊[0m[38;2;15;14;18m▍                      [0m
 [38;2;0;0;0m  [7m[38;2;24;24;30m▉[0m[38;2;54;53;63;48;2;20;20;24m▋[38;2;177;169;163;48;2;42;41;45m▗[38;2;136;129;124;48;2;45;43;48m▂[38;2;47;43;42;48;2;116;107;100m▉[38;2;183;168;155;48;2;48;45;47m▄[38;2;243;222;206;48;2;50;47;51m▄[38;2;241;224;208;48;2;59;55;58m▄[38;2;163;159;151;48;2;27;25;28m▅[38;2;108;171;147;48;2;62;64;60m▁[38;2;53;71;64;48;2;20;21;21m▂[38;2;19;18;21;48;2;41;41;46m▌[48;2;49;48;55m [38;2;23;22;25;48;2;44;43;49m▚[38;2;11;11;14;48;2;25;25;32m╏[0m[38;2;11;11;14m                      [0m
 [38;2;0;0;0m  [7m[38;2;17;17;20m▋[0m[38;2;49;48;55;48;2;47;46;53m┊[38;2;34;33;36;48;2;223;212;203m▋[38;2;236;223;209;48;2;89;86;86m▌[38;2;94;127;116;48;2;185;195;184m┹[38;2;100;142;125;48;2;213;204;194m▘[38;2;250;236;223;48;2;250;235;223m╴[38;2;251;236;222m╵[38;2;156;163;151;48;2;249;236;224m▝[38;2;250;236;223;48;2;140;170;158m▅[38;2;241;222;206;48;2;77;85;77m▆[38;2;149;132;121;48;2;46;44;48m▏[38;2;49;48;55;48;2;48;47;54m┊[38;2;37;37;41;48;2;11;11;14m▊[38;2;10;10;11;48;2;22;22;28m╎[0m[38;2;10;10;11m      [0m [38;2;29;25;28m▁[38;2;113;74;100m▁[38;2;88;53;71m▂[38;2;83;50;64m▂[38;2;84;53;72m▂[0m [38;2;38;38;42m▁        [0m
 [38;2;0;0;0m [0m [38;2;30;30;34m▂[38;2;109;105;105;48;2;41;40;45m▁[38;2;202;191;183;48;2;81;80;80m▃[38;2;82;76;74;48;2;226;212;199m─[38;2;46;44;42;48;2;208;198;188m╾[38;2;96;92;88;48;2;235;221;210m▃[38;2;183;173;163;48;2;238;225;214m▏[38;2;184;174;166;48;2;246;231;219m╴[48;2;250;235;223m [38;2;126;118;116;48;2;247;233;221m▂[38;2;106;55;154;48;2;209;182;186m▃[38;2;105;48;172;48;2;53;43;66m▁[38;2;138;59;230;48;2;57;41;80m▃[38;2;116;55;186;48;2;36;30;48m▄[0m[38;2;36;36;40m▊   [38;2;92;58;89m▁[38;2;125;71;110m▄[38;2;171;93;134m▅[38;2;182;95;134;48;2;56;37;51m▆[38;2;178;92;127;48;2;128;74;102m▇[38;2;175;90;123;48;2;188;102;145m▇[38;2;209;109;165;48;2;178;92;126m▂[38;2;175;90;124;48;2;177;91;125m┈[48;2;211;112;168m▇[38;2;175;90;123;48;2;158;86;116m▇[38;2;167;87;118;48;2;53;35;44m▇[0m[38;2;125;68;91m▆[38;2;63;46;54m▅[0m [38;2;13;15;24m     [0m
 [38;2;0;0;0m [7m[38;2;11;12;16m▉[0m[38;2;16;16;19;48;2;39;38;44m▂[38;2;46;44;45;48;2;238;226;214m▍[38;2;250;237;224;48;2;239;226;214m┈[38;2;250;236;225;48;2;214;201;190m┈[38;2;250;236;222;48;2;212;196;184m┈[38;2;203;188;178;48;2;62;50;76m▆[38;2;243;231;221;48;2;102;88;102m━[38;2;56;50;47;48;2;169;161;154m▂[38;2;10;5;7;48;2;159;140;129m▁[38;2;45;40;37;48;2;169;146;134m▂[38;2;48;34;60;48;2;125;53;206m▃[38;2;35;19;57;48;2;144;58;240m▂[38;2;37;18;62;48;2;145;58;245m▂[38;2;42;17;74;48;2;136;57;224m▁[0m[38;2;58;50;73m▋ [0m [38;2;227;128;212m▗[38;2;95;47;67;48;2;199;109;172m▂[38;2;169;88;120;48;2;198;102;153m▇[38;2;128;66;90;48;2;183;95;137m▁[38;2;187;98;139;48;2;176;90;124m▏[48;2;175;90;123m [38;2;82;49;59;48;2;157;81;110m▗[38;2;130;72;94;48;2;173;90;122m▖[38;2;175;90;123;48;2;174;90;123m┈[38;2;116;65;85;48;2;173;90;122m▁[38;2;72;43;53;48;2;153;80;109m▆[38;2;41;26;29;48;2;165;86;117m▂[38;2;51;27;35;48;2;174;91;123m▂[38;2;5;2;3;48;2;127;67;90m▁[38;2;120;74;92;48;2;75;54;65m▚[0m[38;2;109;86;96m▖    [0m
 [38;2;0;0;0m [38;2;12;12;17;48;2;33;32;37m▍[38;2;46;46;52;48;2;18;18;21m▖[38;2;36;35;40;48;2;92;88;87m▇[38;2;32;31;34;48;2;234;223;211m▆[38;2;21;21;25;48;2;222;211;200m▅[38;2;27;26;28;48;2;200;186;174m▆[38;2;24;23;27;48;2;64;56;53m▇[38;2;40;38;41;48;2;112;97;88m▇[38;2;80;76;77;48;2;230;199;178m▆[38;2;219;196;179;48;2;74;65;62m▇[38;2;51;48;48;48;2;186;168;155m╺[38;2;91;81;76;48;2;30;28;30m▏[38;2;40;39;44;48;2;47;47;52m┊[38;2;63;61;65;48;2;193;187;177m▅[38;2;106;97;94;48;2;214;204;195m▂[38;2;26;26;26;48;2;127;118;115m┕[0m [7m[38;2;35;30;36m▊[0m[38;2;72;32;48;48;2;173;95;148m▗[38;2;60;28;42;48;2;145;76;103m▘[38;2;125;66;90;48;2;169;88;119m▁[38;2;170;91;122;48;2;78;39;55m▝[38;2;77;41;56;48;2;143;75;102m▁[38;2;116;72;85;48;2;171;90;122m▇[38;2;212;180;163;48;2;82;51;61m▃[38;2;240;206;190;48;2;87;63;66m▄[38;2;237;204;191;48;2;68;42;49m▆[38;2;237;202;191;48;2;19;12;13m▇[38;2;246;208;197;48;2;87;75;66m▇[38;2;127;109;106;48;2;235;197;186m▗[38;2;12;9;10;48;2;216;183;169m▄[38;2;5;3;4;48;2;136;115;107m▄[38;2;139;66;94;48;2;45;21;30m▝[38;2;159;76;108;48;2;135;76;100m╴[0m[38;2;109;89;99m▖   [0m
  [38;2;8;8;10;48;2;24;25;32m▘[38;2;31;31;36;48;2;47;46;52m▁[38;2;39;38;45;48;2;17;17;19m▇[38;2;28;28;33;48;2;1;1;2m▇[38;2;44;44;49;48;2;19;19;22m━[38;2;29;29;34;48;2;17;17;22m▊[38;2;49;48;55;48;2;48;47;53m┈[48;2;49;48;55m [38;2;43;42;48;48;2;47;46;53m╵[38;2;45;45;51;48;2;40;40;44m▇[38;2;49;48;54;48;2;42;41;46m┈[38;2;49;48;55;48;2;47;46;53m┈[48;2;49;48;55m [48;2;48;47;54m┈[38;2;30;30;33;48;2;42;41;47m╹[38;2;32;31;35;48;2;107;98;91m▇[38;2;13;13;17;48;2;22;23;29m╸[0m[7m[38;2;37;26;36m▌[0m[38;2;75;39;57;48;2;145;76;103m▌[38;2;104;42;65;48;2;167;85;117m▁[38;2;153;83;111;48;2;75;38;52m▆[38;2;178;152;141;48;2;58;46;45m╾[38;2;159;135;124;48;2;51;43;39m▝[38;2;61;55;53;48;2;218;184;167m▆[38;2;222;193;189;48;2;51;43;40m▃[38;2;109;93;91;48;2;243;207;203m▘[38;2;188;163;159;48;2;249;210;208m▗[38;2;174;128;134;48;2;224;179;179m┎[38;2;156;123;125;48;2;245;185;188m━[38;2;108;92;92;48;2;210;179;176m┓[38;2;251;229;221;48;2;220;191;190m▇[38;2;252;231;223;48;2;214;192;189m▇[38;2;204;189;182;48;2;76;63;63m▍[38;2;152;74;105;48;2;86;41;58m▝[0m[38;2;78;62;69m▊[38;2;52;52;54m▂  [0m
 [38;2;0;0;0m  [0m [7m[38;2;12;12;15m▄[0m [38;2;40;39;45;48;2;19;19;23m▗[38;2;48;47;54;48;2;37;36;44m▆[48;2;49;48;55m   [38;2;49;48;55;48;2;48;47;54m┈[38;2;38;37;44;48;2;47;46;53m╷[48;2;49;48;55m  [38;2;49;48;55;48;2;47;46;52m╴[38;2;119;66;103;48;2;38;35;41m▃[38;2;175;99;152;48;2;32;30;35m▄[38;2;65;44;59;48;2;33;25;31m▏[38;2;37;20;28;48;2;133;68;93m▊[38;2;77;37;53;48;2;131;62;88m▚[38;2;123;54;80;48;2;42;20;28m▘[38;2;51;25;36;48;2;125;68;91m▁[38;2;214;183;167;48;2;40;32;32m▗[38;2;36;30;28;48;2;188;175;168m▁[38;2;130;123;117;48;2;249;232;222m▁[38;2;253;235;226;48;2;252;227;219m▆[48;2;252;228;220m▆[38;2;253;236;226;48;2;252;235;225m┈[38;2;248;232;222;48;2;183;140;143m▆[38;2;252;235;226;48;2;153;115;119m▅[38;2;183;168;163;48;2;242;226;216m▘[38;2;96;89;84;48;2;242;226;217m▂[38;2;28;24;23;48;2;125;118;114m╶[0m[7m[38;2;39;33;34m▃[0m[38;2;88;75;72;48;2;173;158;151m▍[38;2;92;86;82;48;2;215;200;192m▃[0m[7m[38;2;74;72;74m▗[0m [38;2;18;20;29m [0m
 [38;2;0;0;0m     [38;2;94;47;148;48;2;20;20;28m▗[38;2;47;46;51;48;2;49;46;57m╴[48;2;49;48;55m    [38;2;47;46;53;48;2;31;30;37m▊[38;2;31;31;36;48;2;47;46;52m▏[38;2;48;48;54;48;2;49;48;55m▏[38;2;47;46;53;48;2;30;29;33m▉[38;2;141;78;102;48;2;58;37;46m┗[38;2;36;24;28;48;2;88;49;64m▊[38;2;47;23;31;48;2;125;67;89m┗[38;2;113;57;80;48;2;136;72;97m╺[38;2;67;32;47;48;2;162;83;114m▁[38;2;45;24;33;48;2;156;76;107m▂[38;2;95;64;73;48;2;34;24;27m▚[38;2;144;151;135;48;2;63;60;57m▖[38;2;205;192;184;48;2;16;15;15m▆[38;2;239;223;215;48;2;12;11;11m▆[38;2;107;100;98;48;2;208;195;187m▘[38;2;51;48;47;48;2;235;219;211m▄[38;2;117;107;101;48;2;248;230;221m▅[38;2;43;40;39;48;2;175;161;154m━[38;2;61;55;53;48;2;199;185;177m▆[0m[7m[38;2;41;40;44m┈[0m   [7m[38;2;23;20;19m▆[0m [38;2;13;15;24m   [0m
 [38;2;0;0;0m     [38;2;19;15;29;48;2;128;54;210m▍[38;2;129;55;215;48;2;48;31;71m▋[38;2;29;29;32;48;2;49;48;54m▖[48;2;49;48;55m   [38;2;49;48;55;48;2;49;48;54m┈[38;2;29;28;33;48;2;36;35;41m▍[38;2;47;46;53;48;2;49;48;55m▏ [38;2;39;39;44;48;2;48;47;54m▗[38;2;4;4;5;48;2;28;27;31m┗[38;2;15;11;15;48;2;54;36;45m▚[0m[38;2;18;16;18m▝[7m[38;2;21;19;20m▇[0m [38;2;89;96;86;48;2;162;175;153m▏[48;2;167;181;157m [38;2;159;172;150;48;2;116;116;109m▆[38;2;81;85;76;48;2;175;172;156m━[38;2;21;17;14;48;2;157;149;135m━[38;2;70;75;68;48;2;27;25;22m▄[0m[7m[38;2;118;119;109m▂[38;2;93;88;83m▄[38;2;50;49;51m▆[0m[38;2;16;18;27m         [0m
 [38;2;0;0;0m    [0m [38;2;139;57;230;48;2;61;32;99m▝[38;2;41;36;51;48;2;66;30;108m▇[38;2;24;24;28;48;2;29;29;34m┊[38;2;26;25;29;48;2;46;45;52m▖[48;2;49;48;55m   [38;2;19;19;22;48;2;38;38;43m┣[38;2;48;48;54;48;2;49;48;55m▏ [38;2;48;48;55;48;2;39;39;45m▆[38;2;18;18;20;48;2;46;45;51m▚[38;2;28;28;32;48;2;47;46;52m▝[0m[38;2;13;14;19m╴ [0m [7m[38;2;59;65;57m▆[38;2;86;92;83m▅[38;2;86;92;84m▅[38;2;83;89;80m▆[38;2;54;56;55m▆[0m [38;2;13;15;24m            [0m
 [38;2;0;0;0m    [38;2;18;16;28;48;2;97;46;158m▋[38;2;138;57;230;48;2;58;35;86m▅[38;2;109;50;177;48;2;48;42;58m▂[38;2;43;43;49;48;2;26;24;31m▘[38;2;44;43;49;48;2;27;26;31m━[38;2;5;4;6;48;2;42;41;47m▁[38;2;1;1;3;48;2;48;47;54m▂[38;2;20;20;23;48;2;49;48;55m▃[38;2;9;9;10;48;2;40;39;45m╵[38;2;9;9;12;48;2;47;47;54m▃[38;2;15;15;18;48;2;47;46;53m▅[38;2;15;15;19;48;2;34;33;39m━[38;2;35;34;41;48;2;19;18;22m▗[38;2;18;18;22;48;2;34;34;40m▚[38;2;4;4;5;48;2;15;16;20m╋[0m [38;2;13;14;21m                   [0m
 [38;2;0;0;0m   [0m [38;2;54;29;85;48;2;139;58;233m▘[38;2;92;41;150;48;2;140;56;234m▁[38;2;129;53;215;48;2;41;28;60m▘[38;2;48;47;53;48;2;16;12;22m▅[38;2;49;48;55;48;2;19;18;23m▅[38;2;48;47;53;48;2;4;4;5m▅[38;2;49;48;54;48;2;19;19;23m▄[38;2;18;18;21;48;2;39;38;44m━[38;2;48;48;54;48;2;16;15;19m▃[38;2;47;46;51;48;2;9;9;11m▄[38;2;46;45;52;48;2;13;12;15m▅[38;2;44;43;50;48;2;5;5;6m▆[38;2;12;12;16;48;2;37;36;41m▝[38;2;21;21;24;48;2;45;44;50m▏[38;2;5;5;8;48;2;28;28;35m╲[0m [38;2;13;15;24m                   [0m
 [38;2;0;0;0m  [0m [38;2;44;30;66;48;2;116;52;191m▌[38;2;71;31;118;48;2;134;56;221m▖[38;2;87;39;142;48;2;28;25;34m▘[48;2;49;48;55m          [38;2;49;48;55;48;2;49;48;54m┊[38;2;19;19;22;48;2;44;44;49m▌[38;2;49;48;54;48;2;47;46;52m┊[0m[38;2;9;9;10m┓                   [0m
 [38;2;0;0;0m  [38;2;134;59;217;48;2;34;23;52m▗[0m[7m[38;2;79;38;129m╶[0m[38;2;67;37;105;48;2;9;5;18m▊[38;2;19;19;21;48;2;47;46;53m▏[48;2;49;48;55m       [38;2;41;41;46;48;2;49;48;54m▁[38;2;36;35;41;48;2;47;46;53m▖[48;2;49;48;55m [38;2;49;48;53m╵[38;2;48;47;52;48;2;22;21;25m▍[38;2;4;4;5;48;2;37;37;42m▗[0m[7m[38;2;11;11;14m▝[0m [38;2;11;12;17m                  [0m
 [38;2;0;0;0m  [7m[38;2;42;25;64m▇[0m [38;2;68;37;103;48;2;16;16;21m▘[38;2;48;48;55;48;2;49;48;55m▏     [38;2;48;47;54;48;2;43;42;48m▉[38;2;33;32;38;48;2;47;47;53m▅[38;2;31;31;36;48;2;37;36;42m▇[38;2;39;38;45;48;2;48;47;54m▏[48;2;49;48;55m  [38;2;47;46;53;48;2;11;8;9m▋[38;2;146;127;118;48;2;21;20;21m▃[0m[38;2;15;15;19m▏[38;2;8;8;12m▘                  [0m
 [38;2;0;0;0m    [38;2;6;7;10;48;2;40;40;45m▋[48;2;49;48;55m   [38;2;49;48;55;48;2;48;47;54m┈[48;2;49;48;55m  [48;2;48;47;54m┈[38;2;39;39;44;48;2;30;30;36m▏[38;2;31;31;36;48;2;45;45;50m▊[48;2;49;48;55m   [38;2;49;48;54;48;2;12;11;13m▋[38;2;13;11;13;48;2;99;86;81m┍[0m [38;2;13;15;24m                   [0m
 [38;2;0;0;0m   [7m[38;2;11;12;15m▉[0m[38;2;4;4;4;48;2;44;43;49m▌[48;2;49;48;55m  [38;2;48;47;54;48;2;34;34;39m▍[38;2;37;36;41;48;2;49;48;55m▏   [38;2;47;47;53;48;2;32;32;38m▍[38;2;32;32;37;48;2;48;47;54m▋[48;2;49;48;55m   [38;2;45;44;50;48;2;2;2;3m▊[0m[38;2;8;9;12m▎                    [0m
 [38;2;0;0;0m   [7m[38;2;6;6;8m▋[0m[38;2;13;13;15;48;2;49;48;54m▍[38;2;49;48;54;48;2;49;48;55m▏ [38;2;48;47;54;48;2;36;35;41m▎[48;2;49;48;55m    [38;2;49;48;55;48;2;34;34;39m▋[38;2;31;31;35;48;2;48;47;53m▍[48;2;49;48;55m   [38;2;49;48;55;48;2;11;11;12m▊[0m[38;2;4;4;7m▍                    [0m
 [38;2;0;0;0m  [0m [38;2;15;15;18;48;2;26;25;29m▉[38;2;34;33;38;48;2;48;47;54m▏[48;2;49;48;55m [38;2;49;48;55;48;2;48;48;55m▉[38;2;37;36;43;48;2;47;46;53m▌[48;2;49;48;55m    [38;2;49;48;55;48;2;40;40;46m▉[38;2;35;34;41;48;2;48;47;54m▎[48;2;49;48;55m   [38;2;46;45;52;48;2;1;1;4m▉[0m[38;2;0;0;2m▍                    [0m
 [38;2;0;0;0m  [0m [38;2;6;6;8m┗[38;2;11;11;16;48;2;46;45;51m▃[38;2;19;18;20;48;2;48;47;54m▁[38;2;37;36;43m▃[38;2;34;34;39;48;2;49;48;55m▍        [38;2;11;11;14;48;2;48;47;54m▁[38;2;8;8;9;48;2;38;37;42m▃[0m[38;2;5;5;8m▍                    [0m
[?25h